01CB30BD2A67D0B0 456.245 8.91025 3.99943 7.95943 5 570749 0.497915 -1.41006 -47.9665 -0.00899 2.35014 29.7226 15 7511 
01CB30BD2A6FE700 456.353 8.91025 3.99943 7.95943 5 570749 0.497915 -1.41006 -47.942 -0.012384 2.32718 29.7226 15 7511 
01CB30BD2A782460 456.46 8.91025 3.99943 7.95943 5 570749 0.497915 -1.41006 -47.9175 -0.0157781 2.30421 29.7226 15 7511 
01CB30BD2A8061C0 456.568 8.91025 3.99943 7.95943 5 570749 0.497915 -1.41006 -47.893 -0.0191721 2.28124 29.7226 15 7511 
01CB30BD2A889F20 456.669 8.92231 4.00218 7.97154 5 570749 0.497915 -1.41006 -47.8813 -0.0266136 2.25929 29.7226 15 7511 
01CB30BD2A90DC80 456.764 8.94526 4.0074 7.9946 5 570749 0.497915 -1.41006 -47.8812 -0.0377116 2.23826 29.7226 15 7511 
01CB30BD2A98F2D0 456.858 8.96821 4.01263 8.01766 5 570749 0.497915 -1.41006 -47.881 -0.0488096 2.21723 29.7226 15 7511 
01CB30BD2AA13030 456.952 8.99116 4.01786 8.04072 5 570749 0.497915 -1.41006 -47.8809 -0.0599076 2.1962 29.7226 15 7511 
01CB30BD2AA96D90 457.046 8.99724 4.01925 8.04684 5 570749 0.497915 -1.41006 -47.8565 -0.0663119 2.1764 29.7226 15 7511 
01CB30BD2AB1AAF0 457.139 8.99724 4.01925 8.04684 5 570749 0.497915 -1.41006 -47.8234 -0.0710227 2.15704 29.7226 15 7511 
01CB30BD2AB9E850 457.232 8.99724 4.01925 8.04684 5 570750 0.497915 -1.41007 -47.7903 -0.0757336 2.13768 29.7226 15 7511 
01CB30BD2AC225B0 457.325 8.99724 4.01925 8.04684 5 570750 0.497915 -1.41007 -47.7572 -0.0804444 2.11832 29.7226 15 7511 
01CB30BD2ACA3C00 457.422 8.99724 4.01925 8.04684 5 570750 0.497915 -1.41007 -47.7523 -0.0887067 2.10406 29.7226 15 7511 
01CB30BD2AD27960 457.52 8.99724 4.01925 8.04684 5 570750 0.497915 -1.41007 -47.7485 -0.0971056 2.09 29.7226 15 7511 
01CB30BD2ADAB6C0 457.617 8.99724 4.01925 8.04684 5 570750 0.497915 -1.41007 -47.7447 -0.105504 2.07594 29.7226 15 7511 
01CB30BD2AE2F420 457.711 8.99724 4.01925 8.04684 5 570750 0.497915 -1.41007 -47.7376 -0.113899 2.0618 29.7226 15 7511 
01CB30BD2AEB3180 457.795 8.99724 4.01925 8.04684 5 570750 0.497915 -1.41007 -47.716 -0.122272 2.04738 29.7226 15 7511 
01CB30BD2AF347D0 457.879 8.99724 4.01925 8.04684 5 570750 0.497915 -1.41007 -47.6944 -0.130646 2.03295 29.7226 15 7511 
01CB30BD2AFB8530 457.963 8.99724 4.01925 8.04684 5 570750 0.497915 -1.41007 -47.6729 -0.13902 2.01852 29.7226 15 7511 
01CB30BD2B03C290 458.049 8.99724 4.01925 8.04684 5 570750 0.497915 -1.41007 -47.6531 -0.149092 2.00412 29.7226 15 7511 
01CB30BD2B0BFFF0 458.159 8.99724 4.01925 8.04684 5 570750 0.497915 -1.41007 -47.6461 -0.171402 1.98994 29.7226 15 7511 
01CB30BD2B143D50 458.269 8.99724 4.01925 8.04684 5 570750 0.497915 -1.41007 -47.6391 -0.193712 1.97577 29.7226 15 7511 
01CB30BD2B1C7AB0 458.379 8.99724 4.01925 8.04684 5 570750 0.497915 -1.41007 -47.6321 -0.216022 1.9616 29.7226 15 7511 
01CB30BD2B249100 458.467 8.99724 4.01925 8.04684 5 570750 0.497915 -1.41007 -47.612 -0.22128 1.94853 29.7226 15 7511 
01CB30BD2B2CCE60 458.554 8.99724 4.01925 8.04684 5 570750 0.497915 -1.41007 -47.5911 -0.225534 1.93553 29.7226 15 7511 
01CB30BD2B350BC0 458.641 8.99724 4.01925 8.04684 5 570750 0.497915 -1.41007 -47.5702 -0.229789 1.92253 29.7226 15 7511 
01CB30BD2B3D4920 458.726 8.99724 4.01925 8.04684 5 570750 0.497915 -1.41007 -47.5506 -0.236297 1.90932 29.7226 15 7511 
01CB30BD2B458680 458.801 8.99724 4.01925 8.04684 5 570750 0.497915 -1.41007 -47.5385 -0.255186 1.89494 29.7226 15 7511 
01CB30BD2B4D9CD0 458.875 8.99724 4.01925 8.04684 5 570751 0.497915 -1.41007 -47.5265 -0.274075 1.88057 29.7226 15 7511 
01CB30BD2B55DA30 458.95 8.99724 4.01925 8.04684 5 570751 0.497915 -1.41007 -47.5144 -0.292963 1.8662 29.7226 15 7511 
01CB30BD2B5E1790 459.025 8.99724 4.01925 8.04684 5 570751 0.497915 -1.41007 -47.5021 -0.311355 1.8514 29.7226 15 7511 
01CB30BD2B6654F0 459.106 8.99724 4.01925 8.04684 5 570751 0.497915 -1.41007 -47.4874 -0.32543 1.83287 29.7226 15 7511 
01CB30BD2B6E9250 459.186 8.99724 4.01925 8.04684 5 570751 0.497915 -1.41008 -47.4727 -0.339506 1.81434 29.7226 15 7511 
01CB30BD2B76CFB0 459.266 8.99724 4.01925 8.04684 5 570751 0.497915 -1.41008 -47.4581 -0.353582 1.7958 29.7226 15 7511 
01CB30BD2B7EE600 459.338 8.99724 4.01925 8.04684 5 570751 0.497915 -1.41008 -47.4451 -0.373289 1.7769 29.7226 15 7511 
01CB30BD2B872360 459.406 8.99724 4.01925 8.04684 5 570751 0.497915 -1.41008 -47.4332 -0.396593 1.75776 29.7226 15 7511 
01CB30BD2B8F60C0 459.474 8.99724 4.01925 8.04684 5 570751 0.497915 -1.41008 -47.4213 -0.419897 1.73862 29.7226 15 7511 
01CB30BD2B979E20 459.541 8.99724 4.01925 8.04684 5 570751 0.497915 -1.41008 -47.4094 -0.443201 1.71948 29.7226 15 7511 
01CB30BD2B9FDB80 459.614 9.05385 4.04209 8.09875 5 570751 0.497915 -1.41008 -47.4013 -0.455517 1.70198 29.7226 15 7511 
01CB30BD2BA7F1D0 459.687 9.12138 4.06935 8.16068 5 570751 0.497915 -1.41008 -47.3939 -0.465712 1.68479 29.7226 15 7511 
01CB30BD2BB02F30 459.761 9.18891 4.09661 8.22262 5 570751 0.497915 -1.41008 -47.3866 -0.475907 1.66761 29.7226 15 7511 
01CB30BD2BB86C90 459.829 9.23189 4.11395 8.26203 5 570751 0.497915 -1.41008 -47.376 -0.49266 1.6492 29.7226 15 7511 
01CB30BD2BC0A9F0 459.886 9.23189 4.11395 8.26203 5 570751 0.497915 -1.41008 -47.36 -0.520893 1.62863 29.7226 15 7511 
01CB30BD2BC8E750 459.944 9.23189 4.11395 8.26203 5 570751 0.497915 -1.41008 -47.3439 -0.549126 1.60806 29.7226 15 7511 
01CB30BD2BD124B0 460.001 9.23189 4.11395 8.26203 5 570751 0.497915 -1.41008 -47.3278 -0.577359 1.5875 29.7226 15 7511 
01CB30BD2BD93B00 460.065 9.23189 4.11395 8.26203 5 570751 0.497915 -1.41008 -47.3176 -0.603182 1.56342 29.7226 15 7511 
01CB30BD2BE17860 460.134 9.23189 4.11395 8.26203 5 570752 0.497915 -1.41008 -47.3118 -0.62721 1.53673 29.7226 15 7511 
01CB30BD2BE9B5C0 460.204 9.23189 4.11395 8.26203 5 570752 0.497915 -1.41008 -47.3061 -0.651239 1.51003 29.7226 15 7511 
01CB30BD2BF1F320 460.254 9.26964 4.1292 8.29665 5 570752 0.497915 -1.41008 -47.3046 -0.66771 1.48411 29.7226 15 7511 
01CB30BD2BFA3080 460.295 9.32561 4.1518 8.34797 5 570752 0.497915 -1.41008 -47.3052 -0.680535 1.45856 29.7226 15 7511 
01CB30BD2C0246D0 460.335 9.38157 4.17441 8.39929 5 570752 0.497915 -1.41008 -47.3058 -0.693359 1.433 29.7226 15 7511 
01CB30BD2C0A8430 460.376 9.43754 4.19701 8.45061 5 570752 0.497915 -1.41008 -47.3065 -0.706183 1.40745 29.7226 15 7511 
01CB30BD2C12C190 460.407 9.443 4.19921 8.45562 5 570752 0.497915 -1.41008 -47.2879 -0.72903 1.38699 29.7226 15 7511 
01CB30BD2C1AFEF0 460.437 9.443 4.19921 8.45562 5 570752 0.497915 -1.41008 -47.2673 -0.752959 1.36707 29.7226 15 7511 
01CB30BD2C233C50 460.467 9.443 4.19921 8.45562 5 570752 0.497915 -1.41009 -47.2466 -0.776888 1.34716 29.7226 15 7511 
01CB30BD2C2B79B0 460.497 9.443 4.19921 8.45562 5 570752 0.497915 -1.41009 -47.226 -0.800817 1.32724 29.7226 15 7511 
01CB30BD2C339000 460.529 9.443 4.19921 8.45562 5 570752 0.497915 -1.41009 -47.2114 -0.822436 1.30412 29.7226 15 7511 
01CB30BD2C3BCD60 460.569 9.443 4.19921 8.45562 5 570752 0.497915 -1.41009 -47.2141 -0.837387 1.27174 29.7226 15 7511 
01CB30BD2C440AC0 460.608 9.443 4.19921 8.45562 5 570752 0.497915 -1.41009 -47.2169 -0.852339 1.23937 29.7226 15 7511 
01CB30BD2C4C4820 460.646 9.443 4.19921 8.45562 5 570752 0.497915 -1.41009 -47.2194 -0.863624 1.21015 29.7226 15 7511 
01CB30BD2C548580 460.678 9.443 4.19921 8.45562 5 570752 0.497915 -1.41009 -47.2217 -0.868354 1.1866 29.7226 15 7511 
01CB30BD2C5C9BD0 460.711 9.443 4.19921 8.45562 5 570752 0.497915 -1.41009 -47.2239 -0.873085 1.16305 29.7226 15 7511 
01CB30BD2C64D930 460.743 9.443 4.19921 8.45562 5 570752 0.497915 -1.41009 -47.2262 -0.877816 1.1395 29.7226 15 7511 
01CB30BD2C6D1690 460.776 9.17091 4.10777 8.19746 5 570752 0.497915 -1.41009 -47.2155 -0.903994 1.11574 29.7226 15 7511 
01CB30BD2C7553F0 460.809 8.85654 4.00211 7.89917 5 570752 0.497915 -1.41009 -47.2029 -0.933506 1.09195 29.7226 15 7511 
01CB30BD2C7D9150 460.842 8.54216 3.89645 7.60088 5 570753 0.497915 -1.41009 -47.1902 -0.963019 1.06816 29.7226 15 7511 
01CB30BD2C85CEB0 460.874 8.2572 3.80068 7.3305 5 570753 0.497915 -1.41009 -47.179 -0.990548 1.04416 29.7226 15 7511 
01CB30BD2C8DE500 460.902 8.2572 3.80068 7.3305 5 570753 0.497915 -1.41009 -47.1812 -0.99886 1.01808 29.7226 15 7511 
01CB30BD2C962260 460.929 8.2572 3.80068 7.3305 5 570753 0.497915 -1.41009 -47.1834 -1.00717 0.992001 29.7226 15 7511 
01CB30BD2C9E5FC0 460.957 8.2572 3.80068 7.3305 5 570753 0.497915 -1.41009 -47.1856 -1.01548 0.965924 29.7226 15 7511 
01CB30BD2CA69D20 460.977 8.27051 3.80646 7.34249 5 570753 0.497915 -1.41009 -47.187 -1.02182 0.941288 29.7226 15 7511 
01CB30BD2CAEDA80 460.981 8.31188 3.82443 7.37977 5 570753 0.497915 -1.41009 -47.187 -1.02399 0.919693 29.7226 15 7511 
01CB30BD2CB6F0D0 460.985 8.35326 3.84241 7.41705 5 570753 0.497915 -1.41009 -47.187 -1.02615 0.898098 29.7226 15 7511 
01CB30BD2CBF2E30 460.988 8.39463 3.86038 7.45433 5 570753 0.497914 -1.41009 -47.1869 -1.02832 0.876502 29.7226 15 7511 
01CB30BD2CC76B90 460.992 8.436 3.87836 7.49161 5 570753 0.497914 -1.41009 -47.1869 -1.03049 0.854907 29.7226 15 7511 
01CB30BD2CCFA8F0 460.993 8.44939 3.88418 7.50368 5 570753 0.497914 -1.41009 -47.1789 -1.04567 0.823716 29.7226 15 7511 
01CB30BD2CD7E650 460.992 8.44939 3.88418 7.50368 5 570753 0.497914 -1.4101 -47.1671 -1.06707 0.787934 29.7226 15 7511 
01CB30BD2CE023B0 460.991 8.44939 3.88418 7.50368 5 570753 0.497914 -1.4101 -47.1553 -1.08847 0.752152 29.7226 15 7511 
01CB30BD2CE83A00 460.985 8.50573 3.90162 7.55789 5 570753 0.497914 -1.4101 -47.1627 -1.09316 0.72033 29.7226 15 7511 
01CB30BD2CF07760 460.979 8.57817 3.92404 7.62758 5 570753 0.497914 -1.4101 -47.1757 -1.09308 0.689638 29.7226 15 7511 
01CB30BD2CF8B4C0 460.972 8.6506 3.94646 7.69728 5 570753 0.497914 -1.4101 -47.1886 -1.09299 0.658947 29.7226 15 7511 
01CB30BD2D00F220 460.97 8.70371 3.95644 7.74889 5 570753 0.497914 -1.4101 -47.198 -1.09364 0.627282 29.7226 15 7511 
01CB30BD2D092F80 460.979 8.70824 3.93513 7.75503 5 570753 0.497914 -1.4101 -47.1986 -1.09611 0.593167 29.7226 15 7511 
01CB30BD2D1145D0 460.989 8.71276 3.91383 7.76117 5 570754 0.497914 -1.4101 -47.1992 -1.09859 0.559052 29.7226 15 7511 
01CB30BD2D198330 460.998 8.71729 3.89252 7.76731 5 570754 0.497914 -1.4101 -47.1998 -1.10107 0.524937 29.7226 15 7511 
01CB30BD2D21C090 461.004 8.72158 3.88214 7.77314 5 570754 0.497914 -1.4101 -47.2047 -1.10199 0.490982 29.7226 15 7511 
01CB30BD2D29FDF0 461.007 8.72565 3.88214 7.77866 5 570754 0.497914 -1.4101 -47.2135 -1.10143 0.45718 29.7226 15 7511 
01CB30BD2D323B50 461.009 8.72972 3.88214 7.78419 5 570754 0.497914 -1.4101 -47.2224 -1.10087 0.423378 29.7226 15 7511 
01CB30BD2D3A78B0 461.012 8.73379 3.88214 7.78971 5 570754 0.497914 -1.4101 -47.2313 -1.10031 0.389577 29.7226 15 7511 
01CB30BD2D428F00 460.993 8.77063 3.89467 7.82536 5 570754 0.497914 -1.4101 -47.2343 -1.10125 0.360587 29.7226 15 7511 
01CB30BD2D4ACC60 460.966 8.81893 3.91157 7.87156 5 570754 0.497914 -1.4101 -47.2354 -1.10271 0.333281 29.7226 15 7511 
01CB30BD2D5309C0 460.939 8.86724 3.92848 7.91776 5 570754 0.497914 -1.4101 -47.2364 -1.10417 0.305976 29.7226 15 7511 
01CB30BD2D5B4720 460.912 8.91554 3.94538 7.96396 5 570754 0.497914 -1.4101 -47.2375 -1.10564 0.27867 29.7226 15 7511 
01CB30BD2D638480 460.881 8.96325 3.9629 8.00922 5 570754 0.497914 -1.4101 -47.2399 -1.10672 0.249598 29.7226 15 7511 
01CB30BD2D6B9AD0 460.817 9.0053 3.98619 8.04562 5 570754 0.497914 -1.4101 -47.2553 -1.10423 0.203788 29.7226 15 7511 
01CB30BD2D73D830 460.753 9.04734 4.00949 8.08203 5 570754 0.497914 -1.4101 -47.2708 -1.10174 0.157979 29.7226 15 7511 
01CB30BD2D7C1590 460.688 9.08111 4.02819 8.11126 5 570754 0.497914 -1.41011 -47.2872 -1.09818 0.112866 29.7226 15 7511 
01CB30BD2D8452F0 460.619 9.08111 4.02819 8.11126 5 570754 0.497914 -1.41011 -47.3073 -1.09023 0.0705939 29.7226 15 7511 
01CB30BD2D8C9050 460.551 9.08111 4.02819 8.11126 5 570754 0.497914 -1.41011 -47.3273 -1.08228 0.0283219 29.7226 15 7511 
01CB30BD2D94CDB0 460.483 9.08111 4.02819 8.11126 5 570754 0.497914 -1.41011 -47.3474 -1.07432 -0.0139501 29.7226 15 7511 
01CB30BD2D9CE400 460.411 9.08111 4.02819 8.11126 5 570754 0.497914 -1.41011 -47.3554 -1.07445 -0.0543601 29.7226 15 7511 
01CB30BD2DA52160 460.338 9.08111 4.02819 8.11126 5 570754 0.497914 -1.41011 -47.3583 -1.07799 -0.093986 29.7226 15 7511 
01CB30BD2DAD5EC0 460.265 9.08111 4.02819 8.11126 5 570755 0.497914 -1.41011 -47.3612 -1.08152 -0.133612 29.7226 15 7511 
01CB30BD2DB59C20 460.192 9.08111 4.02819 8.11126 5 570755 0.497914 -1.41011 -47.3641 -1.08506 -0.173238 29.7226 15 7511 
01CB30BD2DBDD980 460.117 9.12795 4.04399 8.15633 5 570755 0.497914 -1.41011 -47.3598 -1.08021 -0.212575 29.7226 15 7511 
01CB30BD2DC5EFD0 460.043 9.17823 4.06094 8.2047 5 570755 0.497914 -1.41011 -47.355 -1.07474 -0.251891 29.7226 15 7511 
01CB30BD2DCE2D30 459.968 9.2285 4.07789 8.25306 5 570755 0.497914 -1.41011 -47.3502 -1.06927 -0.291207 29.7226 15 7511 
01CB30BD2DD66A90 459.892 9.27074 4.09213 8.2937 5 570755 0.497914 -1.41011 -47.3505 -1.06477 -0.330616 29.7226 15 7511 
01CB30BD2DDEA7F0 459.809 9.27074 4.09213 8.2937 5 570755 0.497914 -1.41011 -47.378 -1.06533 -0.370516 29.7226 15 7511 
01CB30BD2DE6E550 459.725 9.27074 4.09213 8.2937 5 570755 0.497914 -1.41011 -47.4054 -1.06589 -0.410416 29.7226 15 7511 
01CB30BD2DEF22B0 459.642 9.27074 4.09213 8.2937 5 570755 0.497914 -1.41011 -47.4328 -1.06645 -0.450315 29.7226 15 7511 
01CB30BD2DF73900 459.554 9.22976 4.07055 8.26121 5 570755 0.497914 -1.41011 -47.4536 -1.06209 -0.49014 29.7226 15 7511 
01CB30BD2DFF7660 459.461 9.12412 4.01492 8.17746 5 570755 0.497914 -1.41011 -47.4639 -1.04995 -0.529848 29.7226 15 7511 
01CB30BD2E07B3C0 459.368 9.01848 3.95929 8.0937 5 570755 0.497914 -1.41011 -47.4741 -1.03781 -0.569555 29.7226 15 7511 
01CB30BD2E0FF120 459.275 8.91285 3.90366 8.00995 5 570755 0.497914 -1.41011 -47.4844 -1.02566 -0.609263 29.7226 15 7511 
01CB30BD2E182E80 459.175 8.76376 3.86798 7.86354 5 570755 0.497914 -1.41011 -47.4863 -1.01752 -0.64842 29.7226 15 7511 
01CB30BD2E2044D0 459.071 8.58759 3.84475 7.67807 5 570755 0.497914 -1.41011 -47.483 -1.01188 -0.687234 29.7226 15 7511 
01CB30BD2E288230 458.967 8.41141 3.82151 7.49259 5 570755 0.497914 -1.41011 -47.4796 -1.00623 -0.726047 29.7226 15 7511 
01CB30BD2E30BF90 458.864 8.25687 3.80113 7.32989 5 570755 0.497914 -1.41012 -47.4793 -1.00254 -0.763959 29.7226 15 7511 
01CB30BD2E38FCF0 458.769 8.25687 3.80113 7.32989 5 570755 0.497914 -1.41012 -47.5008 -1.01282 -0.795429 29.7226 15 7511 
01CB30BD2E413A50 458.673 8.25687 3.80113 7.32989 5 570756 0.497914 -1.41012 -47.5222 -1.02311 -0.826898 29.7226 15 7511 
01CB30BD2E4977B0 458.578 8.25687 3.80113 7.32989 5 570756 0.497914 -1.41012 -47.5436 -1.0334 -0.858368 29.7226 15 7511 
01CB30BD2E518E00 458.482 8.25687 3.80113 7.32989 5 570756 0.497914 -1.41012 -47.5663 -1.03248 -0.889595 29.7226 15 7511 
01CB30BD2E59CB60 458.383 8.25687 3.80113 7.32989 5 570756 0.497914 -1.41012 -47.5916 -1.01082 -0.920375 29.7226 15 7511 
01CB30BD2E6208C0 458.284 8.25687 3.80113 7.32989 5 570756 0.497914 -1.41012 -47.6169 -0.989164 -0.951154 29.7226 15 7511 
01CB30BD2E6A4620 458.185 8.25687 3.80113 7.32989 5 570756 0.497914 -1.41012 -47.6421 -0.967508 -0.981934 29.7226 15 7511 
01CB30BD2E728380 458.09 8.25687 3.80113 7.32989 5 570756 0.497914 -1.41012 -47.6542 -0.963839 -1.00792 29.7226 15 7511 
01CB30BD2E7A99D0 457.999 8.25687 3.80113 7.32989 5 570756 0.497914 -1.41012 -47.6565 -0.973253 -1.03043 29.7226 15 7511 
01CB30BD2E82D730 457.907 8.25687 3.80113 7.32989 5 570756 0.497914 -1.41012 -47.6589 -0.982667 -1.05294 29.7226 15 7511 
01CB30BD2E8B1490 457.816 8.25687 3.80113 7.32989 5 570756 0.497914 -1.41012 -47.6613 -0.99208 -1.07545 29.7226 15 7511 
01CB30BD2E9351F0 457.708 8.25687 3.80113 7.32989 5 570756 0.497914 -1.41012 -47.6791 -0.983788 -1.1052 29.7226 15 7511 
01CB30BD2E9B8F50 457.597 8.25687 3.80113 7.32989 5 570756 0.497914 -1.41012 -47.7006 -0.971262 -1.13668 29.7226 15 7511 
01CB30BD2EA3CCB0 457.486 8.25687 3.80113 7.32989 5 570756 0.497914 -1.41012 -47.7222 -0.958736 -1.16816 29.7226 15 7511 
01CB30BD2EABE300 457.375 8.25687 3.80113 7.32989 5 570756 0.497914 -1.41012 -47.7426 -0.946889 -1.19963 29.7226 15 7511 
01CB30BD2EB42060 457.254 8.25687 3.80113 7.32989 5 570756 0.497914 -1.41012 -47.7336 -0.953698 -1.23054 29.7226 15 7511 
01CB30BD2EBC5DC0 457.134 8.25687 3.80113 7.32989 5 570756 0.497914 -1.41012 -47.7245 -0.960506 -1.26146 29.7226 15 7511 
01CB30BD2EC49B20 457.013 8.25687 3.80113 7.32989 5 570756 0.497914 -1.41012 -47.7155 -0.967315 -1.29237 29.7226 15 7511 
01CB30BD2ECCD880 456.896 8.25687 3.80113 7.32989 5 570756 0.497914 -1.41012 -47.7274 -0.963404 -1.32067 29.7226 15 7511 
01CB30BD2ED4EED0 456.783 8.25687 3.80113 7.32989 5 570756 0.497914 -1.41012 -47.757 -0.95043 -1.34675 29.7226 15 7511 
01CB30BD2EDD2C30 456.669 8.25687 3.80113 7.32989 5 570757 0.497914 -1.41012 -47.7867 -0.937457 -1.37284 29.7226 15 7511 
01CB30BD2EE56990 456.556 8.25687 3.80113 7.32989 5 570757 0.497914 -1.41012 -47.8163 -0.924483 -1.39892 29.7226 15 7511 
01CB30BD2EEDA6F0 456.437 8.25687 3.80113 7.32989 5 570757 0.497914 -1.41013 -47.8358 -0.923232 -1.42682 29.7226 15 7511 
01CB30BD2EF5E450 456.316 8.25687 3.80113 7.32989 5 570757 0.497914 -1.41013 -47.8523 -0.925482 -1.45526 29.7226 15 7511 
01CB30BD2EFE21B0 456.195 8.25687 3.80113 7.32989 5 570757 0.497914 -1.41013 -47.8688 -0.927733 -1.4837 29.7226 15 7511 
01CB30BD2F063800 456.074 8.25687 3.80113 7.32989 5 570757 0.497914 -1.41013 -47.8853 -0.929984 -1.51213 29.7226 15 7511 
01CB30BD2F0E7560 455.951 8.25687 3.80113 7.32989 5 570757 0.497914 -1.41013 -47.9027 -0.921972 -1.5391 29.7226 15 7511 
01CB30BD2F16B2C0 455.827 8.25687 3.80113 7.32989 5 570757 0.497914 -1.41013 -47.9201 -0.91394 -1.56607 29.7226 15 7511 
01CB30BD2F1EF020 455.704 8.25687 3.80113 7.32989 5 570757 0.497914 -1.41013 -47.9376 -0.905908 -1.59304 29.7226 15 7511 
01CB30BD2F272D80 455.579 8.25687 3.80113 7.32989 5 570757 0.497914 -1.41013 -47.9568 -0.899673 -1.62004 29.7226 15 7511 
01CB30BD2F2F43D0 455.449 8.25687 3.80113 7.32989 5 570757 0.497914 -1.41013 -47.9821 -0.899591 -1.64717 29.7226 15 7511 
01CB30BD2F378130 455.319 8.25687 3.80113 7.32989 5 570757 0.497914 -1.41013 -48.0074 -0.899508 -1.67429 29.7226 15 7511 
01CB30BD2F3FBE90 455.189 8.25687 3.80113 7.32989 5 570757 0.497914 -1.41013 -48.0327 -0.899426 -1.70141 29.7226 15 7511 
01CB30BD2F47FBF0 455.051 8.25687 3.80113 7.32989 5 570757 0.497914 -1.41013 -48.0526 -0.900938 -1.72957 29.7226 15 7511 
01CB30BD2F503950 454.906 8.25687 3.80113 7.32989 5 570757 0.497914 -1.41013 -48.0661 -0.904367 -1.75895 29.7226 15 7511 
01CB30BD2F5876B0 454.76 8.25687 3.80113 7.32989 5 570757 0.497914 -1.41013 -48.0795 -0.907796 -1.78834 29.7226 15 7511 
01CB30BD2F608D00 454.615 8.25687 3.80113 7.32989 5 570757 0.497914 -1.41013 -48.093 -0.911224 -1.81773 29.7226 15 7511 
01CB30BD2F68CA60 454.475 8.25687 3.80113 7.32989 5 570757 0.497914 -1.41013 -48.1197 -0.908765 -1.84461 29.7226 15 7511 
01CB30BD2F7107C0 454.335 8.25687 3.80113 7.32989 5 570758 0.497914 -1.41013 -48.147 -0.906067 -1.87139 29.7226 15 7511 
01CB30BD2F794520 454.196 8.25687 3.80113 7.32989 5 570758 0.497914 -1.41013 -48.1744 -0.903368 -1.89817 29.7226 15 7511 
01CB30BD2F818280 454.055 8.25687 3.80113 7.32989 5 570758 0.497914 -1.41013 -48.2002 -0.900877 -1.92522 29.7226 15 7511 
01CB30BD2F8998D0 453.908 8.25687 3.80113 7.32989 5 570758 0.497914 -1.41013 -48.2198 -0.899275 -1.95347 29.7226 15 7511 
01CB30BD2F91D630 453.761 8.25687 3.80113 7.32989 5 570758 0.497914 -1.41013 -48.2393 -0.897673 -1.98171 29.7226 15 7511 
01CB30BD2F9A1390 453.614 8.25687 3.80113 7.32989 5 570758 0.497914 -1.41013 -48.2589 -0.896071 -2.00996 29.7226 15 7511 
01CB30BD2FA250F0 453.465 8.25687 3.80113 7.32989 5 570758 0.497914 -1.41014 -48.2741 -0.894743 -2.03759 29.7226 15 7511 
01CB30BD2FAA8E50 453.314 8.25687 3.80113 7.32989 5 570758 0.497914 -1.41014 -48.2832 -0.893799 -2.06435 29.7226 15 7511 
01CB30BD2FB2CBB0 453.163 8.25687 3.80113 7.32989 5 570758 0.497914 -1.41014 -48.2924 -0.892854 -2.09111 29.7226 15 7511 
01CB30BD2FBAE200 453.012 8.25687 3.80113 7.32989 5 570758 0.497914 -1.41014 -48.3015 -0.89191 -2.11788 29.7226 15 7511 
01CB30BD2FC31F60 452.861 8.25687 3.80113 7.32989 5 570758 0.497914 -1.41014 -48.3249 -0.898858 -2.1425 29.7226 15 7511 
01CB30BD2FCB5CC0 452.71 8.25687 3.80113 7.32989 5 570758 0.497914 -1.41014 -48.3563 -0.910146 -2.16594 29.7226 15 7511 
01CB30BD2FD39A20 452.559 8.25687 3.80113 7.32989 5 570758 0.497914 -1.41014 -48.3876 -0.921433 -2.18938 29.7226 15 7511 
01CB30BD2FDBD780 452.408 8.25687 3.80113 7.32989 5 570758 0.497914 -1.41014 -48.4189 -0.932721 -2.21282 29.7226 15 7511 
01CB30BD2FE414E0 452.249 8.25687 3.80113 7.32989 5 570758 0.497914 -1.41014 -48.441 -0.923075 -2.23307 29.7226 15 7511 
01CB30BD2FEC2B30 452.089 8.25687 3.80113 7.32989 5 570758 0.497914 -1.41014 -48.4618 -0.910392 -2.25287 29.7226 15 7511 
01CB30BD2FF46890 451.93 8.25687 3.80113 7.32989 5 570758 0.497914 -1.41014 -48.4825 -0.897709 -2.27266 29.7226 15 7511 
01CB30BD2FFCA5F0 451.776 8.25687 3.80113 7.32989 5 570758 0.497914 -1.41014 -48.5029 -0.895247 -2.2899 29.7226 15 7511 
01CB30BD3004E350 451.634 8.25687 3.80113 7.32989 5 570758 0.497914 -1.41014 -48.5227 -0.909453 -2.30296 29.7226 15 7511 
01CB30BD300D20B0 451.491 8.25687 3.80113 7.32989 5 570759 0.497914 -1.41014 -48.5425 -0.923659 -2.31603 29.7226 15 7511 
01CB30BD30153700 451.348 8.25687 3.80113 7.32989 5 570759 0.497914 -1.41014 -48.5623 -0.937865 -2.32909 29.7226 15 7511 
01CB30BD301D7460 451.211 8.25687 3.80113 7.32989 5 570759 0.497914 -1.41014 -48.5987 -0.947149 -2.33794 29.7226 15 7511 
01CB30BD3025B1C0 451.076 8.25687 3.80113 7.32989 5 570759 0.497914 -1.41014 -48.6457 -0.953262 -2.34407 29.7226 15 7511 
01CB30BD302DEF20 450.942 8.25687 3.80113 7.32989 5 570759 0.497914 -1.41014 -48.6928 -0.959375 -2.3502 29.7226 15 7511 
01CB30BD30362C80 450.808 8.25687 3.80113 7.32989 5 570759 0.497914 -1.41014 -48.7399 -0.965488 -2.35633 29.7226 15 7511 
01CB30BD303E69E0 450.68 8.25687 3.80113 7.32989 5 570759 0.497914 -1.41014 -48.7544 -0.967922 -2.35764 29.7226 15 7511 
01CB30BD30468030 450.553 8.25687 3.80113 7.32989 5 570759 0.497914 -1.41014 -48.7624 -0.969636 -2.35801 29.7226 15 7511 
01CB30BD304EBD90 450.426 8.25687 3.80113 7.32989 5 570759 0.497914 -1.41015 -48.7705 -0.97135 -2.35838 29.7226 15 7511 
01CB30BD3056FAF0 450.301 8.25686 3.80113 7.32988 5 570759 0.497914 -1.41015 -48.7789 -0.973718 -2.35829 29.7226 15 7511 
01CB30BD305F3850 450.185 8.25673 3.80115 7.32965 5 570759 0.497914 -1.41015 -48.7922 -0.985587 -2.35155 29.7226 15 7511 
01CB30BD306775B0 450.07 8.25661 3.80116 7.32942 5 570759 0.497913 -1.41015 -48.8056 -0.997457 -2.34481 29.7226 15 7511 
01CB30BD306F8C00 449.955 8.25648 3.80118 7.32919 5 570759 0.497913 -1.41015 -48.8189 -1.00933 -2.33807 29.7226 15 7511 
01CB30BD3077C960 449.835 8.25639 3.80119 7.32903 5 570759 0.497913 -1.41015 -48.8421 -1.01802 -2.33299 29.7226 15 7511 
01CB30BD308006C0 449.702 8.25639 3.80119 7.32903 5 570759 0.497913 -1.41015 -48.8891 -1.01905 -2.33193 29.7226 15 7511 
01CB30BD30884420 449.57 8.25639 3.80119 7.32903 5 570759 0.497913 -1.41015 -48.9361 -1.02007 -2.33088 29.7226 15 7511 
01CB30BD30908180 449.438 8.25639 3.80119 7.32903 5 570759 0.497913 -1.41015 -48.983 -1.0211 -2.32982 29.7226 15 7511 
01CB30BD3098BEE0 449.317 8.25639 3.80119 7.32903 5 570759 0.497913 -1.41015 -48.9905 -1.03239 -2.32644 29.7226 15 7511 
01CB30BD30A0D530 449.199 8.25639 3.80119 7.32903 5 570759 0.497913 -1.41015 -48.9881 -1.04626 -2.32248 29.7226 15 7511 
01CB30BD30A91290 449.081 8.25639 3.80119 7.32903 5 570760 0.497913 -1.41015 -48.9857 -1.06013 -2.31852 29.7226 15 7511 
01CB30BD30B14FF0 448.963 8.25639 3.80119 7.32903 5 570760 0.497913 -1.41015 -48.9841 -1.07346 -2.31454 29.7226 15 7511 
01CB30BD30B98D50 448.849 8.25639 3.80119 7.32903 5 570760 0.497913 -1.41015 -49.0123 -1.06776 -2.31016 29.7226 15 7511 
01CB30BD30C1CAB0 448.735 8.25639 3.80119 7.32903 5 570760 0.497913 -1.41015 -49.0405 -1.06205 -2.30578 29.7226 15 7511 
01CB30BD30C9E100 448.621 8.25639 3.80119 7.32903 5 570760 0.497913 -1.41015 -49.0686 -1.05635 -2.30139 29.7226 15 7511 
01CB30BD30D21E60 448.507 8.25639 3.80119 7.32903 5 570760 0.497913 -1.41015 -49.092 -1.05384 -2.29738 29.7226 15 7511 
01CB30BD30DA5BC0 448.391 8.25639 3.80119 7.32903 5 570760 0.497913 -1.41015 -49.1017 -1.06065 -2.29446 29.7226 15 7511 
01CB30BD30E29920 448.276 8.25639 3.80119 7.32903 5 570760 0.497913 -1.41015 -49.1113 -1.06746 -2.29153 29.7226 15 7511 
01CB30BD30EAD680 448.16 8.25639 3.80119 7.32903 5 570760 0.497913 -1.41015 -49.1209 -1.07428 -2.2886 29.7226 15 7511 
01CB30BD30F313E0 448.047 8.25639 3.80119 7.32903 5 570760 0.497913 -1.41015 -49.1322 -1.08405 -2.28389 29.7226 15 7511 
01CB30BD30FB2A30 447.938 8.25639 3.80119 7.32903 5 570760 0.497913 -1.41015 -49.1452 -1.09699 -2.27726 29.7226 15 7511 
01CB30BD31036790 447.828 8.25639 3.80119 7.32903 5 570760 0.497913 -1.41016 -49.1582 -1.10993 -2.27064 29.7226 15 7511 
01CB30BD310BA4F0 447.719 8.25639 3.80119 7.32903 5 570760 0.497913 -1.41016 -49.1713 -1.12287 -2.26401 29.7226 15 7511 
01CB30BD3113E250 447.601 8.25639 3.80119 7.32903 5 570760 0.497913 -1.41016 -49.1866 -1.12417 -2.2592 29.7226 15 7511 
01CB30BD311C1FB0 447.48 8.25639 3.80119 7.32903 5 570760 0.497913 -1.41016 -49.2027 -1.12076 -2.25512 29.7226 15 7511 
01CB30BD31243600 447.358 8.25639 3.80119 7.32903 5 570760 0.497913 -1.41016 -49.2189 -1.11734 -2.25104 29.7226 15 7511 
01CB30BD312C7360 447.238 8.26747 3.80603 7.33901 5 570760 0.497913 -1.41016 -49.2341 -1.1162 -2.24758 29.7226 15 7511 
01CB30BD3134B0C0 447.122 8.31826 3.82818 7.38474 5 570760 0.497913 -1.41016 -49.2457 -1.12322 -2.24631 29.7226 15 7511 
01CB30BD313CEE20 447.006 8.36905 3.85033 7.43047 5 570761 0.497913 -1.41016 -49.2573 -1.13024 -2.24504 29.7226 15 7511 
01CB30BD31452B80 446.891 8.41984 3.87248 7.47619 5 570761 0.497913 -1.41016 -49.2688 -1.13726 -2.24378 29.7226 15 7511 
01CB30BD314D68E0 446.783 8.44796 3.88475 7.50151 5 570761 0.497913 -1.41016 -49.2778 -1.13899 -2.23775 29.7226 15 7511 
01CB30BD31557F30 446.684 8.44796 3.88475 7.50151 5 570761 0.497913 -1.41016 -49.2834 -1.13418 -2.22583 29.7226 15 7511 
01CB30BD315DBC90 446.586 8.44796 3.88475 7.50151 5 570761 0.497913 -1.41016 -49.2891 -1.12937 -2.2139 29.7226 15 7511 
01CB30BD3165F9F0 446.488 8.44796 3.88475 7.50151 5 570761 0.497913 -1.41016 -49.2948 -1.12456 -2.20197 29.7226 15 7511 
01CB30BD316E3750 446.382 8.44796 3.88475 7.50151 5 570761 0.497913 -1.41016 -49.3189 -1.12358 -2.19604 29.7226 15 7511 
01CB30BD317674B0 446.272 8.44796 3.88475 7.50151 5 570761 0.497913 -1.41016 -49.3519 -1.12446 -2.193 29.7226 15 7511 
01CB30BD317E8B00 446.163 8.44796 3.88475 7.50151 5 570761 0.497913 -1.41016 -49.3849 -1.12533 -2.18996 29.7226 15 7511 
01CB30BD3186C860 446.053 8.44796 3.88475 7.50151 5 570761 0.497913 -1.41016 -49.4179 -1.1262 -2.18691 29.7226 15 7511 
01CB30BD318F05C0 445.958 8.44796 3.88475 7.50151 5 570761 0.497913 -1.41016 -49.4155 -1.12995 -2.1759 29.7226 15 7511 
01CB30BD31974320 445.863 8.44796 3.88475 7.50151 5 570761 0.497913 -1.41016 -49.4092 -1.13401 -2.16403 29.7226 15 7511 
01CB30BD319F8080 445.769 8.44796 3.88475 7.50151 5 570761 0.497913 -1.41016 -49.403 -1.13807 -2.15215 29.7226 15 7511 
01CB30BD31A7BDE0 445.674 8.44796 3.88475 7.50151 5 570761 0.497913 -1.41017 -49.4002 -1.13897 -2.14011 29.7226 15 7511 
01CB30BD31AFD430 445.574 8.44796 3.88475 7.50151 5 570761 0.497913 -1.41017 -49.4205 -1.11876 -2.12695 29.7226 15 7511 
01CB30BD31B81190 445.475 8.44796 3.88475 7.50151 5 570761 0.497913 -1.41017 -49.4408 -1.09856 -2.11378 29.7226 15 7511 
01CB30BD31C04EF0 445.375 8.44796 3.88475 7.50151 5 570761 0.497913 -1.41017 -49.4611 -1.07835 -2.10062 29.7226 15 7511 
01CB30BD31C88C50 445.288 8.44796 3.88475 7.50151 5 570761 0.497913 -1.41017 -49.4732 -1.07862 -2.08677 29.7226 15 7511 
01CB30BD31D0C9B0 445.208 8.44796 3.88475 7.50151 5 570761 0.497913 -1.41017 -49.4806 -1.09052 -2.07254 29.7226 15 7511 
01CB30BD31D8E000 445.129 8.44796 3.88475 7.50151 5 570762 0.497913 -1.41017 -49.4881 -1.10243 -2.05831 29.7226 15 7511 
01CB30BD31E11D60 445.049 8.44796 3.88475 7.50151 5 570762 0.497913 -1.41017 -49.4955 -1.11434 -2.04408 29.7226 15 7511 
01CB30BD31E95AC0 444.965 8.44796 3.88475 7.50151 5 570762 0.497913 -1.41017 -49.5102 -1.10988 -2.02737 29.7226 15 7511 
01CB30BD31F19820 444.878 8.44796 3.88475 7.50151 5 570762 0.497913 -1.41017 -49.5299 -1.09389 -2.00891 29.7226 15 7511 
01CB30BD31F9D580 444.792 8.44796 3.88475 7.50151 5 570762 0.497913 -1.41017 -49.5497 -1.07791 -1.99045 29.7226 15 7511 
01CB30BD320212E0 444.706 8.44796 3.88475 7.50151 5 570762 0.497913 -1.41017 -49.5692 -1.06299 -1.97238 29.7226 15 7511 
01CB30BD320A2930 444.624 8.44796 3.88475 7.50151 5 570762 0.497913 -1.41017 -49.5855 -1.05847 -1.95808 29.7226 15 7511 
01CB30BD32126690 444.543 8.44796 3.88475 7.50151 5 570762 0.497913 -1.41017 -49.6018 -1.05395 -1.94379 29.7226 15 7511 
01CB30BD321AA3F0 444.462 8.44796 3.88475 7.50151 5 570762 0.497913 -1.41017 -49.6181 -1.04943 -1.9295 29.7226 15 7511 
01CB30BD3222E150 444.382 8.44796 3.88475 7.50151 5 570762 0.497913 -1.41017 -49.6305 -1.04611 -1.9145 29.7226 15 7511 
01CB30BD322B1EB0 444.305 8.44796 3.88475 7.50151 5 570762 0.497913 -1.41017 -49.6345 -1.04534 -1.89804 29.7226 15 7511 
01CB30BD32333500 444.229 8.44796 3.88475 7.50151 5 570762 0.497913 -1.41017 -49.6386 -1.04456 -1.88157 29.7226 15 7511 
01CB30BD323B7260 444.153 8.44796 3.88475 7.50151 5 570762 0.497913 -1.41017 -49.6426 -1.04379 -1.8651 29.7226 15 7511 
01CB30BD3243AFC0 444.066 8.44796 3.88475 7.50151 5 570762 0.497913 -1.41017 -49.6512 -1.04496 -1.85378 29.7226 15 7511 
01CB30BD324BED20 443.97 8.44796 3.88475 7.50151 5 570762 0.497913 -1.41017 -49.6636 -1.04772 -1.84667 29.7226 15 7511 
01CB30BD32542A80 443.874 8.44796 3.88475 7.50151 5 570762 0.497913 -1.41017 -49.6759 -1.05048 -1.83956 29.7226 15 7511 
01CB30BD325C67E0 443.779 8.44796 3.88475 7.50151 5 570762 0.497913 -1.41018 -49.6887 -1.05161 -1.83225 29.7226 15 7511 
01CB30BD32647E30 443.698 8.44796 3.88475 7.50151 5 570762 0.497913 -1.41018 -49.7096 -1.02551 -1.82165 29.7226 15 7511 
01CB30BD326CBB90 443.618 8.44796 3.88475 7.50151 5 570763 0.497913 -1.41018 -49.7305 -0.999411 -1.81105 29.7226 15 7511 
01CB30BD3274F8F0 443.537 8.44796 3.88475 7.50151 5 570763 0.497913 -1.41018 -49.7514 -0.973312 -1.80044 29.7226 15 7511 
01CB30BD327D3650 443.453 8.44796 3.88475 7.50151 5 570763 0.497913 -1.41018 -49.7681 -0.954651 -1.79233 29.7226 15 7511 
01CB30BD328573B0 443.361 8.44796 3.88475 7.50151 5 570763 0.497913 -1.41018 -49.7743 -0.954687 -1.79049 29.7226 15 7511 
01CB30BD328D8A00 443.269 8.44796 3.88475 7.50151 5 570763 0.497913 -1.41018 -49.7806 -0.954722 -1.78865 29.7226 15 7511 
01CB30BD3295C760 443.177 8.44796 3.88475 7.50151 5 570763 0.497913 -1.41018 -49.7869 -0.954758 -1.78681 29.7226 15 7511 
01CB30BD329E04C0 443.084 8.44796 3.88475 7.50151 5 570763 0.497913 -1.41018 -49.8002 -0.950714 -1.78577 29.7226 15 7511 
01CB30BD32A64220 442.991 8.44796 3.88475 7.50151 5 570763 0.497913 -1.41018 -49.8201 -0.942793 -1.7855 29.7226 15 7511 
01CB30BD32AE7F80 442.897 8.44796 3.88475 7.50151 5 570763 0.497913 -1.41018 -49.8401 -0.934871 -1.78522 29.7226 15 7511 
01CB30BD32B6BCE0 442.804 8.44796 3.88475 7.50151 5 570763 0.497913 -1.41018 -49.8601 -0.92695 -1.78495 29.7226 15 7511 
01CB30BD32BED330 442.722 8.44796 3.88475 7.50151 5 570763 0.497913 -1.41018 -49.8701 -0.916467 -1.78554 29.7226 15 7511 
01CB30BD32C71090 442.644 8.44796 3.88475 7.50151 5 570763 0.497913 -1.41018 -49.8766 -0.905087 -1.78643 29.7226 15 7511 
01CB30BD32CF4DF0 442.567 8.44796 3.88475 7.50151 5 570763 0.497913 -1.41018 -49.8832 -0.893707 -1.78732 29.7226 15 7511 
01CB30BD32D78B50 442.489 8.44796 3.88475 7.50151 5 570763 0.497913 -1.41018 -49.8897 -0.882328 -1.78821 29.7226 15 7511 
01CB30BD32DFC8B0 442.401 8.44796 3.88475 7.50151 5 570763 0.497913 -1.41018 -49.898 -0.872641 -1.79066 29.7226 15 7511 
01CB30BD32E7DF00 442.221 8.44796 3.88475 7.50151 5 570763 0.497913 -1.41018 -49.9228 -0.878986 -1.80784 29.7226 15 7511 
01CB30BD32F01C60 442.041 8.44796 3.88475 7.50151 5 570763 0.497913 -1.41018 -49.9476 -0.88533 -1.82502 29.7226 15 7511 
01CB30BD32F859C0 441.912 8.44796 3.88475 7.50151 5 570763 0.497913 -1.41018 -49.9779 -0.868892 -1.83725 29.7226 15 7511 
01CB30BD33009720 441.799 8.44796 3.88475 7.50151 5 570763 0.497913 -1.41018 -50.0096 -0.84576 -1.84802 29.7226 15 7511 
01CB30BD3308D480 441.686 8.44796 3.88475 7.50151 5 570764 0.497913 -1.41019 -50.0414 -0.822628 -1.85879 29.7226 15 7511 
01CB30BD331111E0 441.572 8.44796 3.88475 7.50151 5 570764 0.497913 -1.41019 -50.0732 -0.79953 -1.86956 29.7226 15 7511 
01CB30BD33192830 441.456 8.44796 3.88475 7.50151 5 570764 0.497913 -1.41019 -50.0774 -0.81211 -1.88137 29.7226 15 7511 
01CB30BD33216590 441.339 8.44796 3.88475 7.50151 5 570764 0.497913 -1.41019 -50.0817 -0.824689 -1.89318 29.7226 15 7511 
01CB30BD3329A2F0 441.222 8.44796 3.88475 7.50151 5 570764 0.497913 -1.41019 -50.0859 -0.837269 -1.90499 29.7226 15 7511 
01CB30BD3331E050 441.106 8.44796 3.88475 7.50151 5 570764 0.497913 -1.41019 -50.0957 -0.843554 -1.91592 29.7226 15 7511 
01CB30BD333A1DB0 440.992 8.44796 3.88475 7.50151 5 570764 0.497913 -1.41019 -50.1239 -0.828652 -1.92388 29.7226 15 7511 
01CB30BD33423400 440.878 8.44796 3.88475 7.50151 5 570764 0.497913 -1.41019 -50.1521 -0.81375 -1.93184 29.7226 15 7511 
01CB30BD334A7160 440.765 8.44796 3.88475 7.50151 5 570764 0.497913 -1.41019 -50.1802 -0.798849 -1.93981 29.7226 15 7511 
01CB30BD3352AEC0 440.651 8.44796 3.88475 7.50151 5 570764 0.497913 -1.41019 -50.2077 -0.787925 -1.94763 29.7226 15 7511 
01CB30BD335AEC20 440.537 8.44796 3.88475 7.50151 5 570764 0.497913 -1.41019 -50.2343 -0.781726 -1.95528 29.7226 15 7511 
01CB30BD33632980 440.423 8.44796 3.88475 7.50151 5 570764 0.497913 -1.41019 -50.2608 -0.775526 -1.96293 29.7226 15 7511 
01CB30BD336B66E0 440.309 8.44796 3.88475 7.50151 5 570764 0.497913 -1.41019 -50.2874 -0.769327 -1.97059 29.7226 15 7511 
01CB30BD33737D30 440.192 8.44796 3.88475 7.50151 5 570764 0.497913 -1.41019 -50.2978 -0.767556 -1.97986 29.7226 15 7511 
01CB30BD337BBA90 440.072 8.44796 3.88475 7.50151 5 570764 0.497913 -1.41019 -50.3 -0.767999 -1.98994 29.7226 15 7511 
01CB30BD3383F7F0 439.952 8.44796 3.88475 7.50151 5 570764 0.497913 -1.41019 -50.3022 -0.768442 -2.00002 29.7226 15 7511 
01CB30BD338C3550 439.832 8.44796 3.88475 7.50151 5 570764 0.497913 -1.41019 -50.3045 -0.768885 -2.0101 29.7226 15 7511 
01CB30BD339472B0 439.717 8.44796 3.88475 7.50151 5 570764 0.497913 -1.41019 -50.3251 -0.773197 -2.02029 29.7226 15 7511 
01CB30BD339C8900 439.602 8.44796 3.88475 7.50151 5 570764 0.497913 -1.41019 -50.3479 -0.777963 -2.03048 29.7226 15 7511 
01CB30BD33A4C660 439.488 8.44796 3.88475 7.50151 5 570765 0.497913 -1.41019 -50.3707 -0.782729 -2.04068 29.7226 15 7511 
01CB30BD33AD03C0 439.373 8.44796 3.88475 7.50151 5 570765 0.497913 -1.41019 -50.3935 -0.787496 -2.05087 29.7226 15 7511 
01CB30BD33B54120 439.243 8.44796 3.88475 7.50151 5 570765 0.497913 -1.4102 -50.4216 -0.767703 -2.06125 29.7226 15 7511 
01CB30BD33BD7E80 439.11 8.44796 3.88475 7.50151 5 570765 0.497913 -1.4102 -50.4508 -0.743373 -2.07167 29.7226 15 7511 
01CB30BD33C5BBE0 438.978 8.44796 3.88475 7.50151 5 570765 0.497913 -1.4102 -50.48 -0.719043 -2.08209 29.7226 15 7511 
01CB30BD33CDD230 438.848 8.44796 3.88475 7.50151 5 570765 0.497913 -1.4102 -50.5054 -0.699877 -2.09206 29.7226 15 7511 
01CB30BD33D60F90 438.725 8.44796 3.88475 7.50151 5 570765 0.497913 -1.4102 -50.5236 -0.690265 -2.10121 29.7226 15 7511 
01CB30BD33DE4CF0 438.601 8.44796 3.88475 7.50151 5 570765 0.497913 -1.4102 -50.5419 -0.680653 -2.11036 29.7226 15 7511 
01CB30BD33E68A50 438.477 8.44796 3.88475 7.50151 5 570765 0.497913 -1.4102 -50.5602 -0.67104 -2.11951 29.7226 15 7511 
01CB30BD33EEC7B0 438.35 8.44796 3.88475 7.50151 5 570765 0.497913 -1.4102 -50.5794 -0.668849 -2.13037 29.7226 15 7511 
01CB30BD33F6DE00 438.22 8.44796 3.88475 7.50151 5 570765 0.497913 -1.4102 -50.5992 -0.672054 -2.14249 29.7226 15 7511 
01CB30BD33FF1B60 438.09 8.44796 3.88475 7.50151 5 570765 0.497913 -1.4102 -50.6191 -0.675259 -2.15461 29.7226 15 7511 
01CB30BD340758C0 437.961 8.44796 3.88475 7.50151 5 570765 0.497913 -1.4102 -50.639 -0.678464 -2.16672 29.7226 15 7511 
01CB30BD340F9620 437.821 8.44796 3.88475 7.50151 5 570765 0.497913 -1.4102 -50.6538 -0.662172 -2.17953 29.7226 15 7511 
01CB30BD3417D380 437.679 8.44796 3.88475 7.50151 5 570765 0.497913 -1.4102 -50.6674 -0.641218 -2.1925 29.7226 15 7511 
01CB30BD342010E0 437.536 8.44796 3.88475 7.50151 5 570765 0.497913 -1.4102 -50.6809 -0.620264 -2.20547 29.7226 15 7511 
01CB30BD34282730 437.394 8.46295 3.8922 7.51453 5 570765 0.497913 -1.4102 -50.6986 -0.605513 -2.2195 29.7226 15 7511 
01CB30BD34306490 437.252 8.51071 3.91597 7.55601 5 570765 0.497913 -1.4102 -50.7253 -0.604326 -2.23584 29.7226 15 7511 
01CB30BD3438A1F0 437.11 8.55848 3.93974 7.5975 5 570766 0.497913 -1.4102 -50.7521 -0.60314 -2.25218 29.7226 15 7511 
01CB30BD3440DF50 436.969 8.60625 3.96351 7.63898 5 570766 0.497913 -1.4102 -50.7788 -0.601954 -2.26852 29.7226 15 7511 
01CB30BD34491CB0 436.822 8.65339 3.98697 7.67991 5 570766 0.497913 -1.4102 -50.8066 -0.597226 -2.2867 29.7226 15 7511 
01CB30BD34513300 436.672 8.69998 4.01017 7.72037 5 570766 0.497913 -1.4102 -50.8354 -0.589504 -2.30643 29.7226 15 7511 
01CB30BD34597060 436.521 8.74658 4.03337 7.76083 5 570766 0.497912 -1.41021 -50.8642 -0.581783 -2.32616 29.7226 15 7511 
01CB30BD3461ADC0 436.371 8.79318 4.05657 7.80129 5 570766 0.497912 -1.41021 -50.893 -0.574061 -2.34589 29.7226 15 7511 
01CB30BD3469EB20 436.219 8.8039 4.0619 7.81059 5 570766 0.497912 -1.41021 -50.9123 -0.567725 -2.36509 29.7226 15 7511 
01CB30BD34722880 436.066 8.8039 4.0619 7.81059 5 570766 0.497912 -1.41021 -50.9287 -0.561802 -2.38413 29.7226 15 7511 
01CB30BD347A65E0 435.913 8.8039 4.0619 7.81059 5 570766 0.497912 -1.41021 -50.9451 -0.55588 -2.40318 29.7226 15 7511 
01CB30BD34827C30 435.76 8.8039 4.0619 7.81059 5 570766 0.497912 -1.41021 -50.9615 -0.549958 -2.42222 29.7226 15 7511 
01CB30BD348AB990 435.589 8.8039 4.0619 7.81059 5 570766 0.497912 -1.41021 -50.9902 -0.542378 -2.44362 29.7226 15 7511 
01CB30BD3492F6F0 435.419 8.8039 4.0619 7.81059 5 570766 0.497912 -1.41021 -51.019 -0.534795 -2.46504 29.7226 15 7511 
01CB30BD349B3450 435.248 8.8039 4.0619 7.81059 5 570766 0.497912 -1.41021 -51.0477 -0.527212 -2.48645 29.7226 15 7511 
01CB30BD34A371B0 435.078 8.7443 4.04963 7.74968 5 570766 0.497912 -1.41021 -51.0813 -0.521845 -2.50796 29.7226 15 7511 
01CB30BD34AB8800 434.91 8.62623 4.02531 7.62903 5 570766 0.497912 -1.41021 -51.1198 -0.518653 -2.52955 29.7226 15 7511 
01CB30BD34B3C560 434.741 8.50817 4.00099 7.50838 5 570766 0.497912 -1.41021 -51.1582 -0.515461 -2.55114 29.7226 15 7511 
01CB30BD34BC02C0 434.573 8.39011 3.97667 7.38773 5 570766 0.497912 -1.41021 -51.1966 -0.512269 -2.57273 29.7226 15 7511 
01CB30BD34C44020 434.406 8.35857 3.97017 7.3555 5 570766 0.497912 -1.41021 -51.2218 -0.516263 -2.59148 29.7226 15 7511 
01CB30BD34CC7D80 434.239 8.35856 3.97017 7.35549 5 570766 0.497912 -1.41021 -51.2422 -0.522877 -2.60918 29.7226 15 7511 
01CB30BD34D4BAE0 434.072 8.35856 3.97017 7.35547 5 570767 0.497912 -1.41021 -51.2625 -0.529491 -2.62689 29.7226 15 7511 
01CB30BD34DCD130 433.905 8.35855 3.97017 7.35546 5 570767 0.497912 -1.41021 -51.2829 -0.536105 -2.6446 29.7226 15 7511 
01CB30BD34E50E90 433.74 8.35855 3.97017 7.35546 5 570767 0.497912 -1.41021 -51.3257 -0.519589 -2.65957 29.7226 15 7511 
01CB30BD34ED4BF0 433.575 8.35855 3.97017 7.35546 5 570767 0.497912 -1.41021 -51.3694 -0.502133 -2.67443 29.7226 15 7511 
01CB30BD34F58950 433.41 8.35855 3.97017 7.35546 5 570767 0.497912 -1.41021 -51.4131 -0.484678 -2.68929 29.7226 15 7511 
01CB30BD34FDC6B0 433.245 8.36871 3.97458 7.36462 5 570767 0.497912 -1.41022 -51.4559 -0.46877 -2.70372 29.7226 15 7511 
01CB30BD3505DD00 433.084 8.42242 3.9979 7.41307 5 570767 0.497912 -1.41022 -51.4948 -0.459499 -2.71636 29.7226 15 7511 
01CB30BD350E1A60 432.923 8.47614 4.02122 7.46151 5 570767 0.497912 -1.41022 -51.5338 -0.450228 -2.72899 29.7226 15 7511 
01CB30BD351657C0 432.762 8.52986 4.04454 7.50996 5 570767 0.497912 -1.41022 -51.5727 -0.440957 -2.74163 29.7226 15 7511 
01CB30BD351E9520 432.602 8.56117 4.05813 7.53819 5 570767 0.497912 -1.41022 -51.6172 -0.430663 -2.75285 29.7226 15 7511 
01CB30BD3526D280 432.444 8.56117 4.05813 7.53819 5 570767 0.497912 -1.41022 -51.6694 -0.41894 -2.76211 29.7226 15 7511 
01CB30BD352F0FE0 432.286 8.56117 4.05813 7.53819 5 570767 0.497912 -1.41022 -51.7217 -0.407217 -2.77136 29.7226 15 7511 
01CB30BD35372630 432.127 8.56117 4.05813 7.53819 5 570767 0.497912 -1.41022 -51.7739 -0.395494 -2.78061 29.7226 15 7511 
01CB30BD353F6390 431.961 8.59485 4.07275 7.56856 5 570767 0.497912 -1.41022 -51.8152 -0.379758 -2.79005 29.7226 15 7511 
01CB30BD3547A0F0 431.79 8.64705 4.09542 7.61563 5 570767 0.497912 -1.41022 -51.8504 -0.361816 -2.79959 29.7226 15 7511 
01CB30BD354FDE50 431.619 8.69924 4.11808 7.6627 5 570767 0.497912 -1.41022 -51.8856 -0.343874 -2.80914 29.7226 15 7511 
01CB30BD35581BB0 431.452 8.7435 4.1373 7.70262 5 570767 0.497912 -1.41022 -51.9194 -0.327612 -2.81809 29.7226 15 7511 
01CB30BD35605910 431.307 8.7435 4.1373 7.70262 5 570767 0.497912 -1.41022 -51.9451 -0.320726 -2.82374 29.7226 15 7511 
01CB30BD35686F60 431.163 8.7435 4.1373 7.70262 5 570768 0.497912 -1.41022 -51.9709 -0.31384 -2.82939 29.7226 15 7511 
01CB30BD3570ACC0 431.019 8.7435 4.1373 7.70262 5 570768 0.497912 -1.41022 -51.9966 -0.306953 -2.83504 29.7226 15 7511 
01CB30BD3578EA20 430.871 8.7435 4.1373 7.70262 5 570768 0.497912 -1.41022 -52.0252 -0.297722 -2.8412 29.7226 15 7511 
01CB30BD35812780 430.696 8.7435 4.1373 7.70262 5 570768 0.497912 -1.41022 -52.079 -0.267708 -2.85182 29.7226 15 7511 
01CB30BD358964E0 430.52 8.7435 4.1373 7.70262 5 570768 0.497912 -1.41022 -52.1328 -0.237694 -2.86245 29.7226 15 7511 
01CB30BD35917B30 430.345 8.7435 4.1373 7.70262 5 570768 0.497912 -1.41022 -52.1866 -0.207679 -2.87307 29.7226 15 7511 
01CB30BD3599B890 430.172 8.76776 4.14769 7.72456 5 570768 0.497912 -1.41022 -52.2359 -0.197431 -2.88469 29.7226 15 7511 
01CB30BD35A1F5F0 430.002 8.80764 4.16477 7.76065 5 570768 0.497912 -1.41022 -52.2823 -0.199917 -2.89696 29.7226 15 7511 
01CB30BD35AA3350 429.831 8.84751 4.18186 7.79673 5 570768 0.497912 -1.41023 -52.3287 -0.202404 -2.90924 29.7226 15 7511 
01CB30BD35B270B0 429.66 8.88739 4.19894 7.83282 5 570768 0.497912 -1.41023 -52.3751 -0.20489 -2.92151 29.7226 15 7511 
01CB30BD35BAAE10 429.485 8.92696 4.21611 7.8685 5 570768 0.497912 -1.41023 -52.4025 -0.191349 -2.93705 29.7226 15 7511 
01CB30BD35C2C460 429.309 8.96645 4.23329 7.9041 5 570768 0.497912 -1.41023 -52.4262 -0.174669 -2.95324 29.7226 15 7511 
01CB30BD35CB01C0 429.132 9.00595 4.25048 7.9397 5 570768 0.497912 -1.41023 -52.45 -0.15799 -2.96942 29.7226 15 7511 
01CB30BD35D33F20 428.955 9.04291 4.26656 7.97301 5 570768 0.497912 -1.41023 -52.475 -0.141438 -2.98564 29.7226 15 7511 
01CB30BD35DB7C80 428.762 9.04291 4.26656 7.97301 5 570768 0.497912 -1.41023 -52.5184 -0.126755 -3.00226 29.7226 15 7511 
01CB30BD35E3B9E0 428.57 9.04291 4.26656 7.97301 5 570768 0.497912 -1.41023 -52.5619 -0.112071 -3.01889 29.7226 15 7511 
01CB30BD35EBD030 428.378 9.04291 4.26656 7.97301 5 570768 0.497912 -1.41023 -52.6053 -0.0973867 -3.03552 29.7226 15 7511 
01CB30BD35F40D90 428.191 9.04291 4.26656 7.97301 5 570768 0.497912 -1.41023 -52.6496 -0.0886137 -3.05155 29.7226 15 7511 
01CB30BD35FC4AF0 428.009 9.04291 4.26656 7.97301 5 570768 0.497912 -1.41023 -52.6946 -0.0842796 -3.06714 29.7226 15 7511 
01CB30BD36048850 427.826 9.04291 4.26656 7.97301 5 570769 0.497912 -1.41023 -52.7396 -0.0799454 -3.08274 29.7226 15 7511 
01CB30BD360CC5B0 427.644 9.04291 4.26656 7.97301 5 570769 0.497912 -1.41023 -52.7845 -0.0756113 -3.09833 29.7226 15 7511 
01CB30BD36150310 427.464 9.04291 4.26656 7.97301 5 570769 0.497912 -1.41023 -52.8265 -0.0788222 -3.11183 29.7226 15 7511 
01CB30BD361D1960 427.284 9.04291 4.26656 7.97301 5 570769 0.497912 -1.41023 -52.8676 -0.0839289 -3.12482 29.7226 15 7511 
01CB30BD362556C0 427.104 9.04291 4.26656 7.97301 5 570769 0.497912 -1.41023 -52.9088 -0.0890356 -3.1378 29.7226 15 7511 
01CB30BD362D9420 426.924 9.04291 4.26656 7.97301 5 570769 0.497912 -1.41023 -52.9502 -0.0941547 -3.15094 29.7226 15 7511 
01CB30BD3635D180 426.73 9.04291 4.26656 7.97301 5 570769 0.497912 -1.41023 -52.9996 -0.0997158 -3.16978 29.7226 15 7511 
01CB30BD363E0EE0 426.536 9.04291 4.26656 7.97301 5 570769 0.497912 -1.41024 -53.0489 -0.105277 -3.18862 29.7226 15 7511 
01CB30BD36462530 426.343 9.04291 4.26656 7.97301 5 570769 0.497912 -1.41024 -53.0982 -0.110838 -3.20746 29.7226 15 7511 
01CB30BD364E6290 426.147 9.04291 4.26656 7.97301 5 570769 0.497912 -1.41024 -53.1407 -0.113697 -3.22497 29.7226 15 7511 
01CB30BD36569FF0 425.944 9.04291 4.26656 7.97301 5 570769 0.497912 -1.41024 -53.1632 -0.108674 -3.23859 29.7226 15 7511 
01CB30BD365EDD50 425.741 9.04291 4.26656 7.97301 5 570769 0.497912 -1.41024 -53.1857 -0.103652 -3.25221 29.7226 15 7511 
01CB30BD36671AB0 425.538 9.04291 4.26656 7.97301 5 570769 0.497912 -1.41024 -53.2082 -0.0986296 -3.26583 29.7226 15 7511 
01CB30BD366F5810 425.339 9.04291 4.26656 7.97301 5 570769 0.497912 -1.41024 -53.2627 -0.106309 -3.28231 29.7226 15 7511 
01CB30BD36776E60 425.142 9.04291 4.26656 7.97301 5 570769 0.497912 -1.41024 -53.3272 -0.117952 -3.29968 29.7226 15 7511 
01CB30BD367FABC0 424.945 9.04291 4.26656 7.97301 5 570769 0.497912 -1.41024 -53.3917 -0.129595 -3.31705 29.7226 15 7511 
01CB30BD3687E920 424.749 9.04291 4.26656 7.97301 5 570769 0.497912 -1.41024 -53.4562 -0.141238 -3.33441 29.7226 15 7511 
01CB30BD36902680 424.554 9.04291 4.26656 7.97301 5 570769 0.497912 -1.41024 -53.4889 -0.156328 -3.34784 29.7226 15 7511 
01CB30BD369863E0 424.359 9.04291 4.26656 7.97301 5 570770 0.497912 -1.41024 -53.5213 -0.171452 -3.36123 29.7226 15 7511 
01CB30BD36A07A30 424.165 9.04291 4.26656 7.97301 5 570770 0.497912 -1.41024 -53.5536 -0.186576 -3.37462 29.7226 15 7511 
01CB30BD36A8B790 423.969 9.04291 4.26656 7.97301 5 570770 0.497912 -1.41024 -53.5859 -0.199187 -3.38824 29.7226 15 7511 
01CB30BD36B0F4F0 423.77 9.04291 4.26656 7.97301 5 570770 0.497912 -1.41024 -53.6176 -0.202794 -3.40266 29.7226 15 7511 
01CB30BD36B93250 423.571 9.04291 4.26656 7.97301 5 570770 0.497912 -1.41024 -53.6492 -0.206402 -3.41708 29.7226 15 7511 
01CB30BD36C16FB0 423.372 9.04291 4.26656 7.97301 5 570770 0.497912 -1.41024 -53.6809 -0.21001 -3.4315 29.7226 15 7511 
01CB30BD36C9AD10 423.177 9.04291 4.26656 7.97301 5 570770 0.497912 -1.41024 -53.7208 -0.221894 -3.44223 29.7226 15 7511 
01CB30BD36D1C360 422.988 9.04291 4.26656 7.97301 5 570770 0.497912 -1.41024 -53.7708 -0.244042 -3.44839 29.7226 15 7511 
01CB30BD36DA00C0 422.799 9.04291 4.26656 7.97301 5 570770 0.497912 -1.41024 -53.8209 -0.266191 -3.45455 29.7226 15 7511 
01CB30BD36E23E20 422.61 9.04291 4.26656 7.97301 5 570770 0.497912 -1.41024 -53.8709 -0.28834 -3.46071 29.7226 15 7511 
01CB30BD36EA7B80 422.456 9.04291 4.26656 7.97301 5 570770 0.497912 -1.41025 -53.8994 -0.290014 -3.46492 29.7226 15 7511 
01CB30BD36F2B8E0 422.32 9.04291 4.26656 7.97301 5 570770 0.497912 -1.41025 -53.9174 -0.281806 -3.4682 29.7226 15 7511 
01CB30BD36FACF30 422.183 9.04291 4.26656 7.97301 5 570770 0.497912 -1.41025 -53.9354 -0.273598 -3.47149 29.7226 15 7511 
01CB30BD37030C90 422.047 9.04291 4.26656 7.97301 5 570770 0.497912 -1.41025 -53.9534 -0.26539 -3.47477 29.7226 15 7511 
01CB30BD370B49F0 421.91 9.04291 4.26656 7.97301 5 570770 0.497912 -1.41025 -53.9714 -0.257182 -3.47805 29.7226 15 7511 
01CB30BD37138750 421.679 9.04291 4.26656 7.97301 5 570770 0.497912 -1.41025 -54.0263 -0.265409 -3.48255 29.7226 15 7511 
01CB30BD371BC4B0 421.333 9.04291 4.26656 7.97301 5 570770 0.497912 -1.41025 -54.1257 -0.293462 -3.48853 29.7226 15 7511 
01CB30BD37240210 421.054 9.04291 4.26656 7.97301 5 570770 0.497912 -1.41025 -54.2013 -0.303178 -3.4946 29.7226 15 7511 
01CB30BD372C1860 420.874 9.04291 4.26656 7.97301 5 570770 0.497912 -1.41025 -54.2426 -0.286429 -3.5008 29.7226 15 7511 
01CB30BD373455C0 420.693 9.04291 4.26656 7.97301 5 570771 0.497912 -1.41025 -54.2839 -0.269681 -3.50699 29.7226 15 7511 
01CB30BD373C9320 420.512 9.04291 4.26656 7.97301 5 570771 0.497912 -1.41025 -54.3251 -0.252933 -3.51319 29.7226 15 7511 
01CB30BD3744D080 420.325 9.04291 4.26656 7.97301 5 570771 0.497912 -1.41025 -54.3601 -0.253288 -3.51701 29.7226 15 7511 
01CB30BD374D0DE0 420.126 9.04291 4.26656 7.97301 5 570771 0.497912 -1.41025 -54.3839 -0.284224 -3.5166 29.7226 15 7511 
01CB30BD37552430 419.927 9.04291 4.26656 7.97301 5 570771 0.497912 -1.41025 -54.4076 -0.31516 -3.51619 29.7226 15 7511 
01CB30BD375D6190 419.728 9.04291 4.26656 7.97301 5 570771 0.497912 -1.41025 -54.4313 -0.346096 -3.51578 29.7226 15 7511 
01CB30BD37659EF0 419.548 9.04291 4.26656 7.97301 5 570771 0.497912 -1.41025 -54.4832 -0.34518 -3.51192 29.7226 15 7511 
01CB30BD376DDC50 419.371 9.04291 4.26656 7.97301 5 570771 0.497912 -1.41025 -54.5395 -0.339312 -3.50752 29.7226 15 7511 
01CB30BD377619B0 419.195 9.04291 4.26656 7.97301 5 570771 0.497912 -1.41025 -54.5958 -0.333444 -3.50313 29.7226 15 7511 
01CB30BD377E5710 419.019 9.04602 4.26786 7.97584 5 570771 0.497912 -1.41026 -54.65 -0.328323 -3.49826 29.7226 15 7511 
01CB30BD37866D60 418.851 9.07925 4.28174 8.0061 5 570771 0.497912 -1.41026 -54.6838 -0.330438 -3.48883 29.7226 15 7511 
01CB30BD378EAAC0 418.684 9.11248 4.29563 8.03635 5 570771 0.497912 -1.41026 -54.7175 -0.332553 -3.47939 29.7226 15 7511 
01CB30BD3796E820 418.516 9.14571 4.30951 8.0666 5 570771 0.497912 -1.41026 -54.7512 -0.334667 -3.46996 29.7226 15 7511 
01CB30BD379F2580 418.349 9.17992 4.3239 8.09769 5 570771 0.497912 -1.41026 -54.7854 -0.33523 -3.45754 29.7226 15 7511 
01CB30BD37A762E0 418.182 9.21618 4.33936 8.13055 5 570771 0.497912 -1.41026 -54.8206 -0.332519 -3.43883 29.7226 15 7511 
01CB30BD37AF7930 418.015 9.25245 4.35483 8.1634 5 570771 0.497912 -1.41026 -54.8559 -0.329807 -3.42013 29.7226 15 7511 
01CB30BD37B7B690 417.849 9.28871 4.37029 8.19625 5 570771 0.497912 -1.41026 -54.8911 -0.327096 -3.40142 29.7226 15 7511 
01CB30BD37BFF3F0 417.694 9.29494 4.37294 8.20189 5 570771 0.497912 -1.41026 -54.9388 -0.33303 -3.38446 29.7226 15 7511 
01CB30BD37C83150 417.543 9.29494 4.37294 8.20189 5 570771 0.497912 -1.41026 -54.9892 -0.340754 -3.36786 29.7226 15 7511 
01CB30BD37D06EB0 417.391 9.29494 4.37294 8.20189 5 570772 0.497912 -1.41026 -55.0395 -0.348478 -3.35127 29.7226 15 7511 
01CB30BD37D8AC10 417.24 9.29643 4.37356 8.20325 5 570772 0.497912 -1.41026 -55.0883 -0.35553 -3.33453 29.7226 15 7511 
01CB30BD37E0C260 417.094 9.32297 4.38463 8.22742 5 570772 0.497912 -1.41026 -55.111 -0.351361 -3.3154 29.7226 15 7511 
01CB30BD37E8FFC0 416.949 9.3495 4.3957 8.25159 5 570772 0.497912 -1.41026 -55.1338 -0.347191 -3.29626 29.7226 15 7511 
01CB30BD37F13D20 416.804 9.37604 4.40677 8.27576 5 570772 0.497912 -1.41026 -55.1565 -0.343021 -3.27713 29.7226 15 7511 
01CB30BD37F97A80 416.66 9.39502 4.41468 8.29305 5 570772 0.497912 -1.41026 -55.1856 -0.337477 -3.25777 29.7226 15 7511 
01CB30BD3801B7E0 416.52 9.39502 4.41468 8.29305 5 570772 0.497912 -1.41026 -55.2306 -0.328478 -3.23782 29.7226 15 7511 
01CB30BD3809CE30 416.38 9.39502 4.41468 8.29305 5 570772 0.497912 -1.41026 -55.2756 -0.319479 -3.21788 29.7226 15 7511 
01CB30BD38120B90 416.239 9.39502 4.41468 8.29305 5 570772 0.497912 -1.41026 -55.3207 -0.310481 -3.19793 29.7226 15 7511 
01CB30BD381A48F0 416.094 9.39502 4.41468 8.29305 5 570772 0.497912 -1.41027 -55.3686 -0.306571 -3.17787 29.7226 15 7511 
01CB30BD38228650 415.945 9.39502 4.41468 8.29305 5 570772 0.497912 -1.41027 -55.4195 -0.3075 -3.15769 29.7226 15 7511 
01CB30BD382AC3B0 415.795 9.39502 4.41468 8.29305 5 570772 0.497912 -1.41027 -55.4703 -0.308428 -3.13751 29.7226 15 7511 
01CB30BD38330110 415.646 9.39502 4.41468 8.29305 5 570772 0.497912 -1.41027 -55.5207 -0.309218 -3.11728 29.7226 15 7511 
01CB30BD383B1760 415.531 9.39502 4.41468 8.29305 5 570772 0.497912 -1.41027 -55.5515 -0.30302 -3.09446 29.7226 15 7511 
01CB30BD384354C0 415.416 9.39502 4.41468 8.29305 5 570772 0.497912 -1.41027 -55.5823 -0.296821 -3.07164 29.7226 15 7511 
01CB30BD384B9220 415.301 9.39502 4.41468 8.29305 5 570772 0.497912 -1.41027 -55.6131 -0.290623 -3.04882 29.7226 15 7511 
01CB30BD3853CF80 415.187 9.39502 4.41468 8.29305 5 570772 0.497912 -1.41027 -55.6438 -0.284424 -3.026 29.7226 15 7511 
01CB30BD385C0CE0 415.07 9.41765 4.42109 8.31524 5 570772 0.497912 -1.41027 -55.6773 -0.293176 -2.99286 29.7226 15 7511 
01CB30BD38642330 414.953 9.44101 4.4277 8.33814 5 570773 0.497912 -1.41027 -55.7108 -0.30241 -2.95939 29.7226 15 7511 
01CB30BD386C6090 414.836 9.46437 4.43431 8.36104 5 570773 0.497912 -1.41027 -55.7444 -0.311643 -2.92593 29.7226 15 7511 
01CB30BD38749DF0 414.728 9.47662 4.43777 8.37305 5 570773 0.497912 -1.41027 -55.7863 -0.316929 -2.89196 29.7226 15 7511 
01CB30BD387CDB50 414.63 9.47662 4.43777 8.37305 5 570773 0.497912 -1.41027 -55.8376 -0.317864 -2.85745 29.7226 15 7511 
01CB30BD388518B0 414.533 9.47662 4.43777 8.37305 5 570773 0.497912 -1.41027 -55.8888 -0.318798 -2.82293 29.7226 15 7511 
01CB30BD388D5610 414.435 9.47662 4.43777 8.37305 5 570773 0.497912 -1.41027 -55.9401 -0.319732 -2.78841 29.7226 15 7511 
01CB30BD38956C60 414.352 9.47662 4.43777 8.37305 5 570773 0.497912 -1.41027 -55.9755 -0.326454 -2.74724 29.7226 15 7511 
01CB30BD389DA9C0 414.276 9.47662 4.43777 8.37305 5 570773 0.497912 -1.41027 -56.0041 -0.335613 -2.70326 29.7226 15 7511 
01CB30BD38A5E720 414.199 9.47662 4.43777 8.37305 5 570773 0.497912 -1.41027 -56.0328 -0.344772 -2.65928 29.7226 15 7511 
01CB30BD38AE2480 414.122 9.47662 4.43777 8.37305 5 570773 0.497912 -1.41027 -56.0615 -0.353931 -2.6153 29.7226 15 7511 
01CB30BD38B661E0 414.08 9.47662 4.43777 8.37305 5 570773 0.497912 -1.41027 -56.074 -0.3609 -2.58768 29.7226 15 7511 
01CB30BD38BE7830 414.041 9.47662 4.43777 8.37305 5 570773 0.497912 -1.41027 -56.0854 -0.367708 -2.56126 29.7226 15 7511 
01CB30BD38C6B590 414.002 9.47662 4.43777 8.37305 5 570773 0.497912 -1.41027 -56.0967 -0.374517 -2.53483 29.7226 15 7511 
01CB30BD38CEF2F0 413.963 9.47662 4.43777 8.37305 5 570773 0.497912 -1.41028 -56.1081 -0.381325 -2.50841 29.7226 15 7511 
01CB30BD38D73050 413.924 9.47662 4.43777 8.37305 5 570773 0.497912 -1.41028 -56.1194 -0.388133 -2.48199 29.7226 15 7511 
01CB30BD38DF6DB0 413.885 9.47662 4.43777 8.37305 5 570773 0.497912 -1.41028 -56.1308 -0.394942 -2.45556 29.7226 15 7511 
01CB30BD38E7AB10 413.788 9.47662 4.43777 8.37305 5 570773 0.497912 -1.41028 -56.1873 -0.411819 -2.39847 29.7226 15 7511 
01CB30BD38EFC160 413.643 9.47662 4.43777 8.37305 5 570773 0.497912 -1.41028 -56.2822 -0.437276 -2.31524 29.7226 15 7511 
01CB30BD38F7FEC0 413.567 9.47662 4.43777 8.37305 5 570773 0.497912 -1.41028 -56.3165 -0.456478 -2.27015 29.7226 15 7511 
01CB30BD39003C20 413.51 9.47662 4.43777 8.37305 5 570773 0.497912 -1.41028 -56.3349 -0.474052 -2.23501 29.7226 15 7511 
01CB30BD39087980 413.453 9.47662 4.43777 8.37305 5 570774 0.497912 -1.41028 -56.3534 -0.491625 -2.19987 29.7226 15 7511 
01CB30BD3910B6E0 413.396 9.47662 4.43777 8.37305 5 570774 0.497912 -1.41028 -56.3719 -0.509198 -2.16472 29.7226 15 7511 
01CB30BD3918CD30 413.312 9.47662 4.43777 8.37305 5 570774 0.497912 -1.41028 -56.3979 -0.515002 -2.12207 29.7226 15 7511 
01CB30BD39210A90 413.219 9.47662 4.43777 8.37305 5 570774 0.497912 -1.41028 -56.4266 -0.516727 -2.07681 29.7226 15 7511 
01CB30BD392947F0 413.131 9.47901 4.43845 8.37539 5 570774 0.497912 -1.41028 -56.4546 -0.521126 -2.03275 29.7226 15 7511 
01CB30BD39318550 413.08 9.49844 4.44396 8.39444 5 570774 0.497912 -1.41028 -56.4779 -0.544627 -1.99723 29.7226 15 7511 
01CB30BD3939C2B0 413.03 9.51788 4.44948 8.41348 5 570774 0.497912 -1.41028 -56.5011 -0.568127 -1.96171 29.7226 15 7511 
01CB30BD39420010 412.979 9.53732 4.45499 8.43253 5 570774 0.497912 -1.41028 -56.5244 -0.591628 -1.92619 29.7226 15 7511 
01CB30BD394A1660 412.937 9.54993 4.45857 8.4449 5 570774 0.497912 -1.41029 -56.5487 -0.608296 -1.89079 29.7226 15 7511 
01CB30BD395253C0 412.912 9.54993 4.45857 8.4449 5 570774 0.497912 -1.41029 -56.5747 -0.612321 -1.85561 29.7226 15 7511 
01CB30BD395A9120 412.887 9.54993 4.45857 8.4449 5 570774 0.497912 -1.41029 -56.6006 -0.616347 -1.82044 29.7226 15 7511 
01CB30BD3962CE80 412.861 9.54993 4.45857 8.4449 5 570774 0.497912 -1.41029 -56.6266 -0.620373 -1.78526 29.7226 15 7511 
01CB30BD396B0BE0 412.836 9.54993 4.45857 8.4449 5 570774 0.497912 -1.41029 -56.6526 -0.624399 -1.75008 29.7226 15 7511 
01CB30BD39732230 412.8 9.54993 4.45857 8.4449 5 570774 0.497912 -1.41029 -56.6925 -0.647901 -1.69909 29.7226 15 7511 
01CB30BD397B5F90 412.76 9.54993 4.45857 8.4449 5 570774 0.497912 -1.41029 -56.7381 -0.679527 -1.6415 29.7226 15 7511 
01CB30BD39839CF0 412.722 9.54993 4.45857 8.4449 5 570774 0.497912 -1.41029 -56.7812 -0.70998 -1.58579 29.7226 15 7511 
01CB30BD398BDA50 412.711 9.54993 4.45857 8.4449 5 570774 0.497912 -1.41029 -56.7967 -0.72792 -1.55017 29.7226 15 7511 
01CB30BD399417B0 412.7 9.54993 4.45857 8.4449 5 570774 0.497912 -1.41029 -56.8122 -0.74586 -1.51455 29.7226 15 7511 
01CB30BD399C5510 412.689 9.54993 4.45857 8.4449 5 570775 0.497912 -1.41029 -56.8277 -0.7638 -1.47893 29.7226 15 7511 
01CB30BD39A46B60 412.678 9.54993 4.45857 8.4449 5 570775 0.497912 -1.41029 -56.8433 -0.78174 -1.44331 29.7226 15 7511 
01CB30BD39ACA8C0 412.667 9.54993 4.45857 8.4449 5 570775 0.497912 -1.41029 -56.8595 -0.80279 -1.40666 29.7226 15 7511 
01CB30BD39B4E620 412.658 9.54993 4.45857 8.4449 5 570775 0.497912 -1.41029 -56.8768 -0.827792 -1.3687 29.7226 15 7511 
01CB30BD39BD2380 412.649 9.54993 4.45857 8.4449 5 570775 0.497912 -1.41029 -56.8941 -0.852793 -1.33074 29.7226 15 7511 
01CB30BD39C560E0 412.639 9.54993 4.45857 8.4449 5 570775 0.497912 -1.41029 -56.9114 -0.877795 -1.29278 29.7226 15 7511 
01CB30BD39CD7730 412.645 9.57785 4.46395 8.47338 5 570775 0.497912 -1.41029 -56.9325 -0.902056 -1.23941 29.7226 15 7511 
01CB30BD39D5B490 412.672 9.64944 4.47775 8.54645 5 570775 0.497912 -1.41029 -56.9596 -0.925158 -1.16192 29.7226 15 7511 
01CB30BD39DDF1F0 412.7 9.72103 4.49155 8.61951 5 570775 0.497912 -1.41029 -56.9868 -0.94826 -1.08443 29.7226 15 7511 
01CB30BD39E62F50 412.729 9.7375 4.49472 8.63632 5 570775 0.497912 -1.4103 -57.0146 -0.976892 -1.02901 29.7226 15 7511 
01CB30BD39EE6CB0 412.758 9.7375 4.49472 8.63632 5 570775 0.497912 -1.4103 -57.0427 -1.00718 -0.980183 29.7226 15 7511 
01CB30BD39F6AA10 412.786 9.7375 4.49472 8.63632 5 570775 0.497912 -1.4103 -57.0707 -1.03746 -0.931355 29.7226 15 7511 
01CB30BD39FEC060 412.815 9.7375 4.49472 8.63632 5 570775 0.497912 -1.4103 -57.0987 -1.06775 -0.882528 29.7226 15 7511 
01CB30BD3A06FDC0 412.849 9.7375 4.49472 8.63632 5 570775 0.497912 -1.4103 -57.1209 -1.09026 -0.832584 29.7226 15 7511 
01CB30BD3A0F3B20 412.89 9.7375 4.49472 8.63632 5 570775 0.497912 -1.4103 -57.1352 -1.10212 -0.78111 29.7226 15 7511 
01CB30BD3A177880 412.93 9.7375 4.49472 8.63632 5 570775 0.497912 -1.4103 -57.1494 -1.11398 -0.729637 29.7226 15 7511 
01CB30BD3A1FB5E0 412.971 9.7375 4.49472 8.63632 5 570775 0.497912 -1.4103 -57.1637 -1.12585 -0.678163 29.7226 15 7511 
01CB30BD3A27CC30 413.014 9.7375 4.49472 8.63632 5 570775 0.497912 -1.4103 -57.1786 -1.15209 -0.627078 29.7226 15 7511 
01CB30BD3A300990 413.062 9.7375 4.49472 8.63632 5 570775 0.497912 -1.4103 -57.1948 -1.20471 -0.576708 29.7226 15 7511 
01CB30BD3A3846F0 413.109 9.7375 4.49472 8.63632 5 570776 0.497912 -1.4103 -57.211 -1.25733 -0.526337 29.7226 15 7511 
01CB30BD3A408450 413.157 9.7375 4.49472 8.63632 5 570776 0.497912 -1.4103 -57.2271 -1.30995 -0.475967 29.7226 15 7511 
01CB30BD3A48C1B0 413.22 9.40628 4.33867 8.34454 5 570776 0.497912 -1.4103 -57.2464 -1.32564 -0.43016 29.7226 15 7511 
01CB30BD3A50FF10 413.286 9.02097 4.15713 8.00512 5 570776 0.497912 -1.4103 -57.2662 -1.3353 -0.385099 29.7226 15 7511 
01CB30BD3A591560 413.352 8.63566 3.97559 7.66569 5 570776 0.497912 -1.4103 -57.2859 -1.34496 -0.340039 29.7226 15 7511 
01CB30BD3A6152C0 413.418 8.28464 3.81044 7.35634 5 570776 0.497912 -1.4103 -57.3046 -1.35608 -0.295578 29.7226 15 7511 
01CB30BD3A699020 413.479 8.29031 3.81589 7.35988 5 570776 0.497912 -1.4103 -57.3122 -1.38245 -0.257366 29.7226 15 7511 
01CB30BD3A71CD80 413.541 8.29599 3.82135 7.36341 5 570776 0.497912 -1.4103 -57.3198 -1.40881 -0.219154 29.7226 15 7511 
01CB30BD3A7A0AE0 413.603 8.30166 3.8268 7.36695 5 570776 0.497912 -1.4103 -57.3273 -1.43518 -0.180941 29.7226 15 7511 
01CB30BD3A822130 413.665 8.30723 3.83215 7.37043 5 570776 0.497912 -1.41031 -57.335 -1.46164 -0.142434 29.7226 15 7511 
01CB30BD3A8A5E90 413.762 8.30723 3.83215 7.37043 5 570776 0.497912 -1.41031 -57.3483 -1.49319 -0.0882206 29.7226 15 7511 
01CB30BD3A929BF0 413.86 8.30723 3.83215 7.37043 5 570776 0.497912 -1.41031 -57.3616 -1.52475 -0.0340075 29.7226 15 7511 
01CB30BD3A9AD950 413.957 8.30723 3.83215 7.37043 5 570776 0.497912 -1.41031 -57.3748 -1.5563 0.0202056 29.7226 15 7511 
01CB30BD3AA316B0 414.048 8.30723 3.83215 7.37043 5 570776 0.497912 -1.41031 -57.3925 -1.56801 0.0672587 29.7226 15 7511 
01CB30BD3AAB5410 414.138 8.30723 3.83215 7.37043 5 570776 0.497912 -1.41031 -57.4111 -1.57598 0.112959 29.7226 15 7511 
01CB30BD3AB36A60 414.228 8.30723 3.83215 7.37043 5 570776 0.497912 -1.41031 -57.4296 -1.58395 0.15866 29.7226 15 7511 
01CB30BD3ABBA7C0 414.318 8.30723 3.83215 7.37043 5 570776 0.497912 -1.41031 -57.4484 -1.59227 0.203909 29.7226 15 7511 
01CB30BD3AC3E520 414.4 8.30723 3.83215 7.37043 5 570776 0.497912 -1.41031 -57.472 -1.60707 0.24068 29.7226 15 7511 
01CB30BD3ACC2280 414.482 8.30723 3.83215 7.37043 5 570777 0.497912 -1.41031 -57.4956 -1.62188 0.27745 29.7226 15 7511 
01CB30BD3AD45FE0 414.565 8.30723 3.83215 7.37043 5 570777 0.497912 -1.41031 -57.5192 -1.63668 0.314221 29.7226 15 7511 
