01CB30BD2A60B848 0.55377 0.504612 -0.425755 0.507384 0.065618 -0.013045 -0.802318 5.44978 -27.3879 -36.7722 -1.84912 -0.601099 0.025897
01CB30BD2A657CFC 0.55299 0.503698 -0.425674 0.509207 0.174729 -0.008224 -1.04676 5.44978 -27.5018 -36.6648 1.77637 1.41306 -0.376935
01CB30BD2A6A41B0 0.552638 0.504211 -0.424344 0.510191 0.106838 -0.01184 -0.902261 5.556 -27.8437 -37.3091 0.970707 3.83005 0.025897
01CB30BD2A6F0664 0.55276 0.503148 -0.424199 0.511228 0.137146 0.012265 -0.892628 5.556 -27.8437 -37.2017 -0.237789 1.41306 -0.779767
01CB30BD2A762D72 0.553627 0.507208 -0.423326 0.506983 0.133509 0.01106 -0.896241 5.66222 -27.6158 -36.987 -1.44629 1.41306 -0.779179
01CB30BD2A7D5480 0.551904 0.508184 -0.422409 0.508646 0.135934 -0.051613 -0.967285 5.66222 -27.9576 -37.4165 -1.84912 -1.00393 0.429318
01CB30BD2A7FB6DA 0.551788 0.505592 -0.423208 0.510687 0.16988 0.018291 -1.00582 5.66222 -27.3879 -36.8796 -0.640621 -1.00393 -0.778782
01CB30BD2A86DDE8 0.55118 0.502885 -0.422705 0.51442 0.155332 0.027933 -0.889016 5.76844 -27.3879 -36.987 -0.640621 2.21873 -0.778414
01CB30BD2A8BA29C 0.552527 0.503558 -0.423084 0.511999 0.116536 0.062885 -1.02268 5.76844 -27.3879 -36.987 -0.640621 -0.601099 -0.374996
01CB30BD2A906750 0.553845 0.503284 -0.424017 0.510069 0.132297 0.031548 -1.00702 5.66222 -27.5018 -36.8796 -1.44629 0.204565 -0.777243
01CB30BD2A952C04 0.554908 0.497939 -0.426423 0.51215 0.180791 0.044806 -0.923936 5.66222 -27.7297 -37.2017 -3.05761 -1.40676 -0.776659
01CB30BD2A9C5312 0.555467 0.495657 -0.426259 0.513891 0.200189 0.048422 -1.01545 5.76844 -27.3879 -36.987 1.37354 4.63572 -0.775886
01CB30BD2AA117C6 0.556809 0.496026 -0.425807 0.512456 0.114112 0.049627 -0.944406 5.66222 -27.5018 -37.0943 -0.640621 3.02439 -0.774897
01CB30BD2AA5DC7A 0.557405 0.497172 -0.425759 0.510734 0.125023 0.062885 -1.03231 5.66222 -27.274 -36.7722 -0.237789 1.01023 0.030752
01CB30BD2AAAA12E 0.558488 0.501677 -0.424969 0.505779 0.089865 0.024317 -0.929957 5.76844 -27.3879 -36.8796 -1.84912 0.204565 -0.774332
01CB30BD2AB1C83C 0.556873 0.506097 -0.423214 0.504626 0.126235 -0.041971 -0.957652 5.76844 -27.274 -36.8796 -1.84912 -1.00393 -0.37114
01CB30BD2AB68CF0 0.553632 0.502987 -0.421976 0.512281 0.188065 -0.074512 -0.972102 5.76844 -27.274 -36.8796 -0.237789 3.02439 -1.57845
01CB30BD2ABB51A4 0.553432 0.503645 -0.420945 0.512699 0.127448 -0.015456 -0.943202 5.87466 -27.3879 -36.987 -1.04345 1.81589 -1.57767
01CB30BD2AC278B2 0.554581 0.509099 -0.41931 0.507382 0.086228 0.012265 -1.01906 5.87466 -27.274 -36.8796 -0.640621 0.204565 -0.770835
01CB30BD2AC73D66 0.555587 0.512154 -0.41941 0.503107 0.109262 0.020701 -0.992572 5.87466 -27.3879 -37.2017 -2.65478 -1.00393 -0.367429
01CB30BD2ACC021A 0.556137 0.511767 -0.419819 0.502552 0.151695 0.008649 -1.03953 6.08711 -27.5018 -37.2017 -1.04345 -1.00393 -1.17291
01CB30BD2ACE6474 0.556074 0.511313 -0.419927 0.502993 0.150482 0.001418 -1.08168 5.87466 -27.16 -36.987 -0.640621 -0.198267 -1.17291
01CB30BD2AD7EDDC 0.557493 0.507993 -0.421289 0.503647 0.132297 0.029138 -1.00823 6.08711 -27.0461 -36.8796 0.970707 -0.198267 0.035588
01CB30BD2ADCB290 0.558009 0.506584 -0.422354 0.503603 0.145633 0.093015 -1.08047 5.98088 -27.274 -36.987 0.567875 -1.40676 -0.367244
01CB30BD2AE17744 0.558767 0.506129 -0.423032 0.50265 0.138359 0.031548 -0.931161 5.98088 -27.3879 -36.987 -1.84912 -1.40676 -0.770076
01CB30BD2AE89E52 0.557785 0.501938 -0.424221 0.50692 0.173517 -0.015456 -0.950427 5.98088 -27.0461 -36.8796 -1.44629 -0.601099 -0.769688
01CB30BD2AED6306 0.556506 0.500324 -0.42348 0.510531 0.145633 -0.002198 -0.975714 5.98088 -27.274 -37.2017 -0.640621 1.81589 -0.768913
01CB30BD2AF227BA 0.556524 0.499716 -0.42345 0.511131 0.135934 -0.01425 -0.898649 5.98088 -27.274 -37.4165 -2.25195 -1.00393 -1.17057
01CB30BD2AF6EC6E 0.557131 0.505273 -0.422245 0.505978 0.086228 0.01588 -0.951631 5.98088 -27.0461 -37.2017 -1.84912 -1.40676 -1.57342
01CB30BD2AFE137C 0.557524 0.510548 -0.421424 0.500906 0.098351 -0.022687 -0.932365 5.87466 -26.9321 -37.2017 -1.84912 -3.42092 0.440743
01CB30BD2B02D830 0.557395 0.510125 -0.422723 0.500388 0.12866 0.032754 -0.991368 5.87466 -26.9321 -36.987 -1.44629 -2.61526 0.440743
01CB30BD2B079CE4 0.555904 0.509563 -0.421376 0.503744 0.140783 -0.038355 -1.01545 5.98088 -27.16 -37.2017 0.165043 2.21873 -1.57342
01CB30BD2B0EC3F2 0.556137 0.507884 -0.421207 0.505321 0.116536 -0.002198 -0.929957 5.87466 -26.8182 -37.0943 0.165043 -0.198267 -0.364921
01CB30BD2B1388A6 0.557022 0.51216 -0.42068 0.500446 0.104413 0.037575 -0.986551 5.87466 -27.0461 -37.3091 0.165043 -1.40676 -0.767753
01CB30BD2B184D5A 0.556782 0.510758 -0.421819 0.501188 0.123811 -0.038355 -0.902261 5.87466 -27.3879 -37.6313 -2.25195 -2.21243 0.037911
01CB30BD2B1D120E 0.555986 0.511419 -0.42237 0.500932 0.134722 -0.03956 -0.975714 5.87466 -27.16 -37.7387 -2.25195 -3.42092 0.037911
01CB30BD2B21D6C2 0.554613 0.50451 -0.423733 0.508257 0.155332 0.023112 -0.90467 5.87466 -26.7042 -37.4165 -1.04345 1.01023 -0.767753
01CB30BD2B28FDD0 0.55451 0.501214 -0.424961 0.510597 0.158969 0.036369 -0.899853 5.76844 -26.8182 -37.4165 -1.84912 -2.21243 -0.767753
01CB30BD2B2DC284 0.554874 0.500076 -0.425701 0.510703 0.148058 0.008649 -0.969693 5.76844 -26.9321 -37.3091 -0.640621 -0.601099 -0.364921
01CB30BD2B328738 0.556839 0.499158 -0.427099 0.50829 0.08744 0.103862 -0.89022 5.76844 -27.0461 -37.6313 -2.65478 -1.8096 -0.364921
01CB30BD2B39AE46 0.558485 0.500771 -0.427949 0.504165 0.140783 0.044806 -0.957652 5.76844 -26.8182 -37.5239 -0.640621 0.204565 -0.767753
01CB30BD2B3E72FA 0.558897 0.497802 -0.428685 0.50602 0.161393 0.068911 -0.905874 5.66222 -26.9321 -37.6313 0.165043 0.607397 -1.16961
01CB30BD2B4337AE 0.559372 0.500738 -0.427886 0.503267 0.094714 0.024317 -0.913099 5.76844 -26.9321 -37.7387 -0.640621 -0.198267 -0.363378
01CB30BD2B4A5EBC 0.559573 0.50194 -0.427605 0.502084 0.0916835 0.0387795 -0.868545 5.66222 -26.6473 -37.6313 -1.04345 -0.399683 -0.76625
01CB30BD2B4CC116 0.559509 0.503359 -0.427763 0.500598 0.100776 -0.005814 -0.885404 5.66222 -26.4763 -37.3091 -3.46044 -3.01809 0.845078
01CB30BD2B53E824 0.557178 0.5029 -0.427282 0.504058 0.166243 -0.045586 -0.91069 5.66222 -26.5903 -37.5239 -0.640621 -0.198267 -0.76625
01CB30BD2B58ACD8 0.555499 0.499067 -0.426985 0.509936 0.137146 -0.057639 -0.817972 5.66222 -26.7042 -37.5239 -1.04345 2.21873 -0.76625
01CB30BD2B5FD3E6 0.553495 0.497666 -0.42627 0.514068 0.150482 -0.015456 -0.917915 5.556 -26.5903 -37.3091 -0.237789 1.41306 -0.76625
01CB30BD2B64989A 0.554616 0.499487 -0.426276 0.511079 0.109262 0.01347 -0.89022 5.66222 -26.5903 -37.7387 -1.04345 -0.601099 -1.16908
01CB30BD2B695D4E 0.55627 0.505093 -0.426499 0.503531 0.061981 0.052037 -0.973306 5.66222 -26.5903 -37.7387 -3.05761 -3.82375 -0.76625
01CB30BD2B70845C 0.55677 0.501058 -0.428429 0.505368 0.134722 0.050832 -0.879383 5.556 -26.5903 -37.4165 -1.84912 -0.198267 -0.76625
01CB30BD2B754910 0.55689 0.499464 -0.428944 0.506375 0.163818 0.062885 -1.00461 5.556 -26.5903 -37.9535 -0.237789 -0.198267 -0.76625
01CB30BD2B7A0DC4 0.558696 0.497488 -0.429723 0.50567 0.121386 0.0665 -0.968489 5.556 -26.2484 -37.6313 -1.04345 2.21873 -1.16908
01CB30BD2B7ED278 0.559454 0.495662 -0.430533 0.505937 0.145633 0.095426 -0.919119 5.66222 -26.3624 -37.6313 -0.237789 0.607397 -1.16908
01CB30BD2B85F986 0.559126 0.495987 -0.430853 0.505708 0.161393 0.01588 -1.00461 5.66222 -26.1345 -37.4165 -1.84912 -1.00393 0.039414
01CB30BD2B8ABE3A 0.559126 0.495069 -0.430663 0.506771 0.109262 0.007444 -0.845667 5.66222 -26.3624 -37.6313 -1.04345 1.81589 -1.57191
01CB30BD2B8F82EE 0.556658 0.491416 -0.430366 0.513251 0.178366 -0.056434 -0.923936 5.66222 -26.4763 -37.8461 0.165043 -0.601099 -0.363418
01CB30BD2B9447A2 0.556934 0.493727 -0.429514 0.511445 0.129872 -0.005814 -0.982939 5.556 -26.1345 -37.7387 -0.640621 0.607397 -1.16908
01CB30BD2B9B6EB0 0.556553 0.497683 -0.428133 0.509178 0.122598 -0.033534 -0.937182 5.76844 -26.3624 -37.8461 -1.44629 -2.21243 -0.76625
01CB30BD2BA03364 0.557693 0.502545 -0.42742 0.503726 0.092289 0.035164 -0.937182 5.66222 -26.2484 -37.8461 -1.84912 -1.00393 -0.76625
01CB30BD2BA4F818 0.556748 0.500534 -0.427017 0.507104 0.151695 -0.015456 -0.917915 5.66222 -25.9066 -37.5239 -0.237789 1.01023 -1.16908
01CB30BD2BAC1F26 0.556753 0.499456 -0.426517 0.50858 0.141996 -0.005814 -0.987756 5.76844 -26.0206 -37.5239 0.970707 2.62156 -1.16908
01CB30BD2BB0E3DA 0.557476 0.503214 -0.425129 0.505234 0.098351 0.01106 -0.976918 5.76844 -26.3624 -37.6313 0.567875 1.41306 -1.16908
01CB30BD2BB5A88E 0.558616 0.504177 -0.425695 0.502531 0.129872 0.032754 -0.940794 5.76844 -26.3624 -37.7387 -1.04345 -0.198267 0.039799
01CB30BD2BBA6D42 0.559817 0.509222 -0.425644 0.49611 0.086228 0.033959 -0.978122 5.76844 -26.1345 -37.9535 -1.84912 -3.42092 0.039799
01CB30BD2BC65904 0.556607 0.496399 -0.428722 0.509876 0.177154 0.026728 -1.001 5.76844 -26.3624 -37.9535 1.77637 0.204565 -0.362507
01CB30BD2BC8BB5E 0.557203 0.497874 -0.428262 0.508171 0.106838 0.03878 -0.933569 5.76844 -26.3624 -37.8461 2.1792 1.01023 -0.362326
01CB30BD2BCD8012 0.557418 0.496016 -0.428647 0.509426 0.122598 0.046011 -0.82038 5.76844 -26.7042 -37.8461 -0.640621 -0.601099 -0.764795
01CB30BD2BCFE26C 0.558883 0.500305 -0.428273 0.503912 0.052282 0.078553 -0.93959 5.66222 -26.2484 -37.6313 0.165043 -2.61526 -0.764412
01CB30BD2BD96BD4 0.559818 0.499855 -0.429198 0.502531 0.082591 0.065295 -0.86975 5.76844 -26.1345 -37.7387 -1.04345 -0.601099 -0.763466
01CB30BD2BDE3088 0.5594 0.498598 -0.429351 0.504113 0.126235 0.014675 -0.886608 5.66222 -26.2484 -37.6313 0.567875 0.204565 -0.762501
01CB30BD2BE2F53C 0.558872 0.501401 -0.427481 0.503507 0.137146 -0.010635 -0.921528 5.76844 -26.3624 -37.6313 1.77637 1.81589 -1.56758
01CB30BD2BE7B9F0 0.559271 0.503055 -0.427214 0.501637 0.082591 0.021907 -0.857708 5.66222 -26.5903 -37.7387 1.37354 -1.00393 0.446577
01CB30BD2BEEE0FE 0.557377 0.505519 -0.426376 0.501983 0.122598 -0.031124 -0.98896 5.66222 -26.4763 -37.6313 0.165043 -1.40676 -0.358908
01CB30BD2BF3A5B2 0.55603 0.504218 -0.425912 0.505167 0.163818 -0.049202 -0.838442 5.76844 -26.5903 -37.7387 0.567875 1.41306 -0.76118
01CB30BD2BF86A66 0.55464 0.504515 -0.424582 0.507513 0.137146 -0.050407 -0.908282 5.76844 -26.5903 -37.7387 2.1792 -0.198267 -0.760219
01CB30BD2BFF9174 0.553106 0.50188 -0.424125 0.51216 0.139571 -0.01184 -0.901057 5.76844 -26.4763 -37.8461 2.98487 2.21873 -1.16209
01CB30BD2C045628 0.553494 0.504168 -0.423864 0.509704 0.131085 -0.022687 -0.860117 5.76844 -26.3624 -37.3091 1.37354 -2.61526 0.852648
01CB30BD2C091ADC 0.554698 0.509045 -0.423966 0.503424 0.085015 0.039985 -1.01184 5.76844 -26.3624 -37.4165 0.567875 -4.22659 0.046984
01CB30BD2C0DDF90 0.554831 0.508355 -0.42482 0.503254 0.10805 0.059269 -0.868546 5.66222 -26.8182 -37.5239 1.37354 -1.40676 0.449816
01CB30BD2C15069E 0.554546 0.499084 -0.427659 0.510391 0.192914 0.0665 -0.986551 5.66222 -26.4763 -37.3091 3.3877 -0.198267 -0.355848
01CB30BD2C19CB52 0.555762 0.496906 -0.427954 0.510948 0.163818 0.090605 -0.945611 5.76844 -26.8182 -37.4165 3.3877 2.21873 -1.16151
01CB30BD2C1E9006 0.55651 0.498814 -0.427583 0.50858 0.071679 0.007444 -0.928753 5.66222 -26.9321 -37.7387 0.165043 -1.40676 -1.16151
01CB30BD2C25B714 0.556786 0.498871 -0.428137 0.507755 0.098351 -0.022687 -0.91069 5.66222 -26.9321 -37.4165 -0.640621 -0.198267 -0.355848
01CB30BD2C28196E 0.556153 0.497456 -0.428252 0.509736 0.157756 -0.000993 -0.884199 5.66222 -26.7042 -37.3091 0.970707 -0.198267 -0.355848
01CB30BD2C2F407C 0.55357 0.495878 -0.427441 0.514742 0.143208 -0.055228 -0.957652 5.556 -26.7042 -37.0943 1.37354 -0.601099 -1.16151
01CB30BD2C340530 0.552327 0.495507 -0.426533 0.517182 0.171092 -0.029918 -0.961264 5.66222 -26.9321 -37.4165 2.1792 1.41306 -0.758681
01CB30BD2C3B2C3E 0.55212 0.501174 -0.425195 0.513028 0.133509 -0.032329 -0.964877 5.66222 -26.7042 -37.3091 0.567875 -4.62942 -0.355848
01CB30BD2C3FF0F2 0.553244 0.506509 -0.424261 0.507319 0.085015 0.029138 -0.961264 5.556 -27.0461 -37.2017 -0.237789 0.607397 0.046984
01CB30BD2C44B5A6 0.552028 0.503495 -0.424325 0.511572 0.134722 -0.033534 -0.870954 5.66222 -27.274 -37.5239 2.1792 -0.601099 -0.355293
01CB30BD2C497A5A 0.551451 0.503008 -0.424001 0.512941 0.16503 -0.007019 -1.04315 5.556 -27.0461 -37.5239 3.79053 1.81589 -1.16096
01CB30BD2C50A168 0.552548 0.505431 -0.423892 0.509457 0.117749 0.043601 -0.876975 5.556 -27.16 -37.3091 0.970707 -2.61526 0.047539
01CB30BD2C5303C2 0.553391 0.506801 -0.424827 0.506392 0.100776 0.056858 -0.961264 5.556 -26.8182 -37.2017 -1.44629 -6.24075 0.047539
01CB30BD2C5A2AD0 0.552519 0.507491 -0.425165 0.50637 0.151695 0.019496 -0.980531 5.44978 -26.9321 -37.0943 0.970707 -1.00393 -0.758125
01CB30BD2C6151DE 0.550872 0.501572 -0.426202 0.513142 0.16988 0.025522 -0.96006 5.44978 -26.9321 -36.987 1.77637 -3.01809 -0.758125
01CB30BD2C661692 0.549558 0.496256 -0.426513 0.519425 0.150482 -0.027508 -0.905874 5.44978 -27.0461 -37.2017 2.98487 3.02439 -0.758125
01CB30BD2C6ADB46 0.550017 0.49425 -0.427386 0.520136 0.155332 0.026728 -0.889016 5.44978 -27.3879 -37.5239 1.37354 -2.21243 0.047539
01CB30BD2C6F9FFA 0.551979 0.499738 -0.427372 0.512771 0.099564 0.084579 -0.96006 5.44978 -27.3879 -37.7387 0.567875 -1.8096 -0.758125
01CB30BD2C76C708 0.552044 0.49723 -0.428133 0.514502 0.116536 0.043601 -0.868546 5.44978 -27.3879 -37.5239 -0.237789 -0.198267 -0.758125
01CB30BD2C7B8BBC 0.551489 0.499794 -0.427219 0.513371 0.110475 0.006239 -0.978122 5.23733 -27.274 -37.4165 1.77637 0.607397 -1.16096
01CB30BD2C805070 0.551789 0.502086 -0.426379 0.511509 0.097139 0.000212 -0.949223 5.34356 -27.3879 -37.3091 0.970707 1.81589 -1.16096
01CB30BD2C87777E 0.552284 0.505603 -0.425555 0.508184 0.065618 0.006239 -0.957652 5.34356 -27.274 -37.0943 -1.04345 -1.8096 0.047539
01CB30BD2C8C3C32 0.551079 0.505185 -0.425387 0.510045 0.150482 -0.007019 -0.935977 5.44978 -27.274 -36.987 0.567875 0.204565 0.047893
01CB30BD2C9100E6 0.549457 0.504548 -0.424665 0.513018 0.150482 -0.047997 -0.882995 5.44978 -27.6158 -37.3091 1.37354 -1.00393 -0.757017
01CB30BD2C95C59A 0.546813 0.502386 -0.424061 0.518436 0.162606 -0.091385 -1.03472 5.44978 -27.6158 -37.3091 1.37354 0.204565 -0.353833
01CB30BD2C9CECA8 0.546361 0.502165 -0.423159 0.519862 0.10805 -0.01425 -0.928753 5.44978 -27.3879 -37.0943 2.58203 -0.601099 0.452608
01CB30BD2CA1B15C 0.546969 0.506988 -0.422978 0.514663 0.093502 -0.01425 -0.956448 5.44978 -27.7297 -37.3091 0.970707 -3.82375 0.85544
01CB30BD2CA67610 0.549227 0.508637 -0.424101 0.509682 0.097139 0.094221 -0.916711 5.34356 -27.3879 -36.987 -0.237789 -1.8096 0.049776
01CB30BD2CAB3AC4 0.548882 0.50818 -0.424438 0.510229 0.127448 0.01106 -0.874566 5.44978 -27.8437 -37.0943 1.77637 -2.61526 0.85544
01CB30BD2CB261D2 0.548658 0.502713 -0.42592 0.514632 0.177154 0.035164 -0.967285 5.44978 -27.3879 -36.987 2.98487 0.607397 -0.755888
01CB30BD2CB72686 0.550083 0.50136 -0.426064 0.514312 0.121386 0.061679 -0.798705 5.44978 -27.7297 -36.8796 2.1792 3.42722 -0.755888
01CB30BD2CBBEB3A 0.550545 0.501888 -0.426096 0.513275 0.089865 0.061679 -0.866137 5.34356 -27.9576 -37.2017 0.970707 -1.8096 -0.755888
01CB30BD2CC31248 0.550539 0.503039 -0.426332 0.511959 0.123811 -0.005814 -0.803522 5.34356 -27.8437 -36.8796 0.567875 -1.00393 0.452608
01CB30BD2CC7D6FC 0.549262 0.501949 -0.426047 0.514629 0.158969 -0.056434 -0.886608 5.34356 -28.0716 -36.987 1.77637 -0.601099 -0.755888
01CB30BD2CCC9BB0 0.547254 0.501597 -0.425119 0.517868 0.137146 -0.051613 -0.931161 5.23733 -27.9576 -37.2017 3.3877 0.607397 0.049776
01CB30BD2CD16064 0.54687 0.502439 -0.424201 0.51821 0.118961 -0.044381 -0.809543 5.34356 -27.7297 -36.6648 0.970707 0.204565 -0.353056
01CB30BD2CD88772 0.547149 0.507325 -0.423584 0.51364 0.080166 0.014675 -0.95404 5.23733 -27.7297 -36.6648 0.567875 -3.01809 0.049776
01CB30BD2CDD4C26 0.546639 0.509899 -0.422761 0.51231 0.116536 -0.021482 -0.958856 5.23733 -28.1855 -36.6648 0.567875 -1.00393 -0.35288
01CB30BD2CE210DA 0.545871 0.509966 -0.422777 0.513048 0.133509 -0.050407 -0.926344 5.23733 -28.1855 -36.8796 0.970707 -1.00393 -0.755562
01CB30BD2CE937E8 0.54618 0.51152 -0.421747 0.51202 0.116536 -0.022687 -0.870954 5.23733 -28.1855 -36.7722 3.79053 1.81589 -0.754636
01CB30BD2CEDFC9C 0.546274 0.510494 -0.422234 0.512542 0.114112 0.024317 -0.898649 5.23733 -28.4134 -36.7722 1.37354 -0.601099 0.454234
01CB30BD2CFEAD12 0.544549 0.507618 -0.424721 0.515172 0.172305 0.005033 -0.87577 5.13111 -28.2995 -36.8796 1.77637 -1.00393 -1.15627
01CB30BD2D0371C6 0.543341 0.504836 -0.424863 0.51905 0.178366 -0.051613 -0.921528 5.02489 -28.2995 -36.5574 0.567875 0.204565 -1.1557
01CB30BD2D08367A 0.543031 0.499771 -0.425649 0.523612 0.146845 0.0665 -0.868546 5.02489 -28.4134 -36.6648 2.98487 1.41306 -1.15533
01CB30BD2D0CFB2E 0.543681 0.501642 -0.42567 0.521125 0.118961 0.029138 -0.964877 5.02489 -28.5273 -36.8796 2.1792 -1.00393 0.053167
01CB30BD2D14223C 0.545324 0.504174 -0.426505 0.51626 0.104413 0.024317 -0.907078 5.02489 -28.6413 -36.8796 0.165043 -2.21243 -0.34932
01CB30BD2D18E6F0 0.545247 0.504582 -0.426849 0.515658 0.127448 -0.021482 -0.903466 5.02489 -28.8692 -36.8796 0.165043 -2.21243 -0.751806
01CB30BD2D1DABA4 0.544737 0.503147 -0.426764 0.517666 0.118961 0.014675 -0.955244 4.91867 -28.4134 -36.6648 2.1792 1.81589 -0.34843
01CB30BD2D24D2B2 0.544176 0.505224 -0.425608 0.517183 0.104413 -0.029918 -0.854096 4.91867 -28.7552 -36.8796 1.37354 0.204565 0.054918
01CB30BD2D299766 0.543868 0.506241 -0.42593 0.516247 0.111687 0.027933 -0.926344 4.91867 -28.5273 -36.7722 0.970707 -1.8096 0.860356
01CB30BD2D2E5C1A 0.543085 0.507772 -0.425385 0.516017 0.097139 -0.06487 -0.86975 4.91867 -28.8692 -36.6648 0.567875 -2.21243 0.054692
01CB30BD2D3320CE 0.541304 0.506724 -0.425291 0.518987 0.148058 -0.063665 -0.849279 4.81245 -28.7552 -36.6648 0.567875 -1.8096 0.054692
01CB30BD2D3A47DC 0.53856 0.505042 -0.423857 0.524624 0.133509 -0.038355 -0.881791 4.81245 -28.7552 -36.3426 2.1792 1.41306 -1.15309
01CB30BD2D3F0C90 0.537892 0.506068 -0.423605 0.524525 0.095926 -0.019071 -0.860117 4.81245 -28.7552 -36.6648 1.37354 -2.21243 0.457984
01CB30BD2D43D144 0.537816 0.506946 -0.4243 0.523191 0.123811 0.008649 -0.969693 4.70623 -28.7552 -36.5574 3.79053 -1.8096 0.457759
01CB30BD2D4895F8 0.538475 0.50864 -0.424964 0.520322 0.104413 -0.008224 -0.899853 4.70623 -28.5273 -36.2352 -0.640621 -3.42092 0.457759
01CB30BD2D4FBD06 0.538773 0.505452 -0.427219 0.521273 0.143208 -0.01425 -0.991368 4.60001 -28.8692 -36.5574 2.98487 0.607397 -0.347906
01CB30BD2D521F60 0.538458 0.502298 -0.427978 0.524018 0.172305 0.037575 -0.921528 4.49378 -28.9831 -36.2352 3.3877 1.01023 0.457759
01CB30BD2D59466E 0.538697 0.500558 -0.428428 0.525069 0.120173 0.020701 -0.860117 4.60001 -29.0971 -36.6648 2.1792 -0.198267 0.054926
01CB30BD2D606D7C 0.540385 0.501665 -0.428989 0.521809 0.078954 0.019496 -0.908282 4.60001 -28.8692 -36.2352 2.58203 0.204565 -0.750765
01CB30BD2D653230 0.540038 0.500655 -0.429637 0.522605 0.12866 -0.01425 -0.807134 4.49378 -28.9831 -36.2352 -1.44629 -2.61526 0.054899
01CB30BD2D69F6E4 0.53921 0.501396 -0.429697 0.5227 0.143208 -0.008224 -0.898649 4.49378 -28.9831 -36.45 1.37354 -1.40676 0.054899
01CB30BD2D6EBB98 0.537015 0.500406 -0.42867 0.526736 0.122598 -0.051613 -0.809543 4.38756 -28.7552 -36.0205 2.58203 0.607397 -0.750395
01CB30BD2D75E2A6 0.535991 0.502143 -0.428023 0.526652 0.080166 -0.002198 -0.891424 4.38756 -29.0971 -36.3426 1.77637 -1.40676 -0.750395
01CB30BD2D7AA75A 0.535854 0.502397 -0.427908 0.52664 0.127448 -0.027508 -0.84085 4.28134 -28.9831 -36.2352 0.970707 -0.601099 -0.347563
01CB30BD2D7D09B4 0.536288 0.503474 -0.42802 0.525077 0.059556 0.035164 -0.75054 4.38756 -29.325 -36.1278 -1.04345 -1.8096 -0.750026
01CB30BD2D86931C 0.535446 0.504247 -0.428215 0.525038 0.137146 0.012265 -0.901057 4.38756 -28.9831 -36.0205 2.1792 1.81589 0.055556
01CB30BD2D927EDE 0.535229 0.505318 -0.427879 0.524503 0.139571 0.01588 -0.944406 4.28134 -29.0971 -35.9131 2.1792 1.01023 -0.347016
01CB30BD2DB8A47E 0.535517 0.497593 -0.433036 0.527355 0.129872 0.020701 -0.914303 4.0689 -29.0971 -36.0205 -2.25195 -2.61526 0.055816
01CB30BD2E0C16CC 0.538523 0.492677 -0.434612 0.527615 0.085015 -0.008224 -0.854096 4.28134 -28.6413 -36.2352 -3.05761 1.41306 1.26339
01CB30BD2E10DB80 0.538297 0.492561 -0.434641 0.527927 0.133509 -0.019071 -0.917915 4.28134 -28.6413 -36.2352 -2.25195 0.204565 0.457729
01CB30BD2E15A034 0.536345 0.492583 -0.433161 0.5311 0.151695 -0.06487 -0.940794 4.17512 -28.7552 -36.1278 -1.04345 3.83005 0.457729
01CB30BD2E1A64E8 0.534939 0.48822 -0.43289 0.536738 0.156544 -0.046792 -0.899853 4.17512 -28.8692 -36.3426 -0.640621 4.23288 0.457729
01CB30BD2E1F299C 0.53502 0.491222 -0.431461 0.535066 0.14927 -0.034739 -0.964877 4.28134 -28.9831 -36.5574 -1.04345 2.62156 0.457729
01CB30BD2E454F3C 0.541884 0.501754 -0.430985 0.518513 0.152907 0.01347 -1.08649 4.60001 -28.7552 -36.6648 -3.05761 -2.61526 1.25961
01CB30BD2E4ED8A4 0.540388 0.491589 -0.432635 0.528345 0.191702 0.000212 -0.928753 4.60001 -28.2995 -36.2352 -1.04345 1.41306 0.453066
01CB30BD2E513AFE 0.540177 0.492554 -0.43216 0.52805 0.135934 -0.015456 -0.975714 4.60001 -28.6413 -36.5574 -1.04345 0.204565 0.050209
01CB30BD2E55FFB2 0.540654 0.491823 -0.432462 0.527996 0.16503 0.035164 -1.06964 4.60001 -28.5273 -36.6648 -0.237789 1.01023 0.452207
01CB30BD2E5AC466 0.541485 0.497404 -0.431193 0.52293 0.070467 0.007444 -0.992572 4.60001 -28.6413 -36.45 -0.237789 0.204565 1.25726
01CB30BD2E5F891A 0.542752 0.499757 -0.432112 0.518597 0.133509 0.026728 -0.964877 4.60001 -28.6413 -36.7722 -2.65478 -3.82375 0.853791
01CB30BD2E691282 0.542291 0.502722 -0.432687 0.515726 0.12866 0.001418 -0.933569 4.49378 -28.5273 -36.5574 -0.237789 -0.601099 0.449103
01CB30BD2E6DD736 0.541195 0.50271 -0.432849 0.516752 0.152907 -0.023892 -1.06241 4.38756 -28.4134 -36.7722 1.37354 -3.01809 0.851107
01CB30BD2E729BEA 0.541125 0.502779 -0.432766 0.516827 0.109262 0.01347 -0.969693 4.38756 -28.5273 -36.7722 0.165043 0.607397 0.045225
01CB30BD2E77609E 0.540551 0.502193 -0.433674 0.517236 0.131085 0.025522 -0.92514 4.17512 -28.7552 -37.0943 -1.44629 -4.62942 0.044986
01CB30BD2E7E87AC 0.53944 0.503191 -0.434713 0.516553 0.125023 -0.044381 -0.874566 4.0689 -28.6413 -36.7722 -1.44629 -1.00393 0.044769
01CB30BD2E80EA06 0.538707 0.503117 -0.43477 0.517342 0.123811 -0.034739 -0.914303 4.17512 -28.4134 -36.7722 -1.44629 -3.42092 -0.358063
01CB30BD2E834C60 0.537868 0.501706 -0.435323 0.519118 0.14442 -0.017866 -0.903466 4.0689 -28.7552 -36.7722 -1.44629 -3.42092 0.447601
01CB30BD2E8A736E 0.536066 0.499897 -0.435755 0.522354 0.127448 -0.034739 -0.998593 3.96268 -28.6413 -37.0943 0.970707 -2.21243 0.447601
01CB30BD2E919A7C 0.5358 0.4989 -0.437355 0.522243 0.109262 0.023112 -0.849279 3.85646 -28.6413 -36.8796 -1.84912 -5.43508 0.447601
01CB30BD2E98C18A 0.536793 0.500369 -0.439698 0.517832 0.104413 0.01106 -0.932365 3.64401 -28.4134 -36.7722 -1.84912 -3.42092 0.446754
01CB30BD2E9D863E 0.536867 0.496511 -0.442061 0.519454 0.168667 0.068911 -0.872158 3.64401 -28.5273 -36.8796 -0.640621 -4.62942 0.848958
01CB30BD2E9FE898 0.536882 0.496875 -0.44241 0.518794 0.106838 0.037575 -0.914303 3.53779 -28.1855 -36.5574 -0.237789 -3.42092 0.043273
01CB30BD2EA70FA6 0.536469 0.490329 -0.443831 0.524204 0.127448 0.043601 -0.866137 3.53779 -28.0716 -36.6648 1.77637 1.81589 0.446237
01CB30BD2EABD45A 0.537318 0.49052 -0.444548 0.522548 0.114112 0.048422 -0.911895 3.43157 -28.2995 -36.6648 -1.84912 -2.61526 -0.359469
01CB30BD2EAE36B4 0.537315 0.491431 -0.44478 0.521497 0.117749 0.046011 -1.01906 3.43157 -28.4134 -36.987 0.165043 -3.01809 0.445979
01CB30BD2EB7C01C 0.536611 0.49188 -0.445357 0.521306 0.111687 0.033959 -0.862525 3.43157 -28.4134 -36.7722 -1.04345 -3.42092 1.65344
01CB30BD2EE76F24 0.531764 0.491406 -0.44727 0.525069 0.095926 0.052037 -1.02388 2.90046 -28.0716 -36.987 1.37354 -1.8096 0.444943
01CB30BD2EF35AE6 0.531963 0.485778 -0.450848 0.52704 0.160181 0.044806 -0.969693 2.90046 -28.1855 -36.8796 -1.44629 -1.40676 0.444064
01CB30BD2EF5BD40 0.531546 0.483785 -0.450966 0.529189 0.154119 0.017086 -0.923936 2.90046 -28.1855 -36.6648 -0.640621 1.01023 -0.764064
01CB30BD2EFA81F4 0.529854 0.479144 -0.45118 0.534897 0.162606 -0.015456 -0.878179 2.79424 -28.4134 -36.987 0.165043 1.41306 -0.360883
01CB30BD2EFF46A8 0.530069 0.479779 -0.450773 0.534455 0.12866 0.029138 -0.940794 2.79424 -28.1855 -36.987 0.970707 0.607397 -1.16657
01CB30BD2F01A902 0.530565 0.480896 -0.450537 0.533157 0.106838 0.042396 -0.921528 2.79424 -28.1855 -36.7722 0.567875 1.01023 -0.360903
01CB30BD2F08D010 0.531264 0.482965 -0.45065 0.530488 0.109262 0.035164 -0.909486 2.79424 -28.2995 -36.8796 -1.04345 -2.21243 -0.360903
01CB30BD2F0FF71E 0.532023 0.489209 -0.45029 0.524275 0.106838 0.006239 -0.919119 2.68802 -28.0716 -36.5574 -1.44629 -0.601099 1.25058
01CB30BD2F14BBD2 0.530766 0.487176 -0.450551 0.527213 0.150482 -0.005814 -0.938386 2.68802 -28.4134 -37.0943 0.567875 -1.00393 -1.16641
01CB30BD2F198086 0.53006 0.48912 -0.44975 0.526802 0.08744 0.006239 -0.946815 2.68802 -28.4134 -37.0943 1.77637 1.01023 0.042082
01CB30BD2F1E453A 0.528869 0.487338 -0.449357 0.529978 0.126235 0.006239 -0.933569 2.79424 -28.0716 -36.8796 1.37354 0.607397 0.444914
01CB30BD2F256C48 0.528958 0.489778 -0.449168 0.527796 0.099564 0.006239 -0.990164 2.5818 -28.4134 -37.2017 -0.237789 -1.40676 0.042082
01CB30BD2F2A30FC 0.528153 0.491298 -0.448803 0.527503 0.118961 -0.027508 -0.919119 2.68802 -28.0716 -36.7722 -0.640621 -1.00393 -0.763582
01CB30BD2F2EF5B0 0.526554 0.489666 -0.449032 0.530414 0.127448 -0.049202 -0.878179 2.68802 -28.1855 -36.7722 -0.237789 -3.01809 -0.763582
01CB30BD2F361CBE 0.524874 0.487789 -0.448645 0.534123 0.157756 -0.025098 -1.03472 2.47558 -28.2995 -36.8796 0.970707 2.21873 -0.763582
01CB30BD2F3AE172 0.525057 0.485616 -0.449161 0.535488 0.101988 0.046011 -0.837238 2.5818 -28.2995 -36.8796 0.165043 -0.601099 -0.36075
01CB30BD2F420880 0.527071 0.490047 -0.449874 0.528833 0.100776 0.077347 -1.01666 2.68802 -28.1855 -36.7722 0.567875 -1.8096 -0.36075
01CB30BD2F46CD34 0.528208 0.488811 -0.451212 0.527701 0.135934 0.076142 -0.902261 2.68802 -28.4134 -36.987 -1.04345 -2.21243 0.042082
01CB30BD2F4B91E8 0.52871 0.48869 -0.451676 0.526912 0.118961 0.009854 -0.93959 2.5818 -28.2995 -36.8796 0.165043 -0.198267 -0.360402
01CB30BD2F50569C 0.529895 0.48334 -0.452879 0.529617 0.14442 0.107478 -0.996185 2.5818 -28.0716 -36.8796 0.165043 2.62156 -1.16607
01CB30BD2F767C3C 0.525095 0.484567 -0.449064 0.536481 0.110475 -0.023892 -0.903466 2.5818 -28.2995 -36.8796 0.970707 2.21873 0.04243
01CB30BD2F9CA1DC 0.529551 0.487818 -0.450651 0.527752 0.154119 0.076142 -1.03231 2.68802 -28.1855 -36.8796 -0.237789 0.607397 -0.360402
01CB30BD2FA3C8EA 0.52866 0.482973 -0.451944 0.531979 0.18564 0.019496 -0.966081 2.79424 -28.2995 -36.8796 -1.44629 -1.8096 0.445262
01CB30BD2FAAEFF8 0.527537 0.475974 -0.452005 0.5393 0.186853 0.009854 -0.944406 2.79424 -28.2995 -36.6648 0.165043 4.23288 -1.16607
01CB30BD2FAFB4AC 0.527417 0.475173 -0.451527 0.540523 0.103201 0.020701 -0.941998 2.68802 -28.5273 -36.987 0.970707 1.41306 -0.763234
01CB30BD2FB47960 0.527852 0.475589 -0.451412 0.539828 0.134722 0.027933 -0.950427 2.90046 -27.9576 -36.5574 -0.640621 0.204565 0.04243
01CB30BD2FB93E14 0.530095 0.481446 -0.450078 0.533515 0.080166 0.0665 -0.985347 2.90046 -28.1855 -36.7722 1.37354 0.607397 0.04243
01CB30BD2FBE02C8 0.531223 0.485495 -0.449854 0.528893 0.077741 0.01588 -0.943202 2.79424 -28.2995 -36.7722 -2.65478 -2.21243 0.445262
01CB30BD2FDF63B4 0.529515 0.492319 -0.446292 0.527313 0.10805 -0.054023 -1.02268 2.90046 -28.1855 -36.8796 -0.640621 0.607397 0.044008
01CB30BD2FE1C60E 0.528745 0.490832 -0.446439 0.529344 0.146845 -0.029918 -1.01545 2.90046 -27.8437 -36.8796 -1.04345 0.607397 0.446625
01CB30BD2FE68AC2 0.526914 0.486522 -0.447012 0.534638 0.145633 -0.045586 -0.944406 2.90046 -28.0716 -36.8796 -0.237789 -1.40676 0.043751
01CB30BD2FEB4F76 0.525259 0.485678 -0.446552 0.537412 0.179579 -0.041971 -1.05639 2.79424 -28.1855 -36.7722 -0.237789 -0.198267 -0.359123
01CB30BD300CB062 0.528612 0.477275 -0.449308 0.539351 0.194127 0.035164 -1.04796 2.90046 -27.8437 -36.5574 1.37354 3.83005 -0.358712
01CB30BD300CB062 0.528612 0.477275 -0.449308 0.539351 0.194127 0.035164 -1.04796 2.90046 -27.8437 -36.5574 1.37354 3.83005 -0.358712
01CB30BD3013D770 0.530166 0.479023 -0.449314 0.536263 0.167455 0.067705 -1.14791 3.00669 -28.0716 -36.8796 -0.237789 0.204565 0.043864
01CB30BD30189C24 0.531065 0.483368 -0.448543 0.532104 0.120173 0.000212 -1.0311 3.00669 -27.8437 -36.6648 -3.05761 -0.198267 -0.35901
01CB30BD301D60D8 0.53058 0.484588 -0.44858 0.531446 0.117749 -0.027508 -1.11539 3.00669 -27.8437 -36.5574 -2.25195 -3.01809 0.44642
01CB30BD3022258C 0.528174 0.481594 -0.44814 0.536908 0.184428 -0.074512 -0.996185 2.90046 -28.2995 -36.7722 -1.44629 2.62156 -0.761925
01CB30BD30294C9A 0.525478 0.47905 -0.447044 0.542711 0.16988 -0.027508 -1.02268 3.00669 -28.0716 -36.8796 -1.44629 1.41306 -0.358964
01CB30BD302E114E 0.525584 0.481766 -0.445849 0.541186 0.123811 -0.01184 -1.06603 3.00669 -27.9576 -36.6648 0.567875 1.41306 0.044211
01CB30BD303073A8 0.52589 0.481568 -0.44602 0.540923 0.146845 0.002623 -1.01545 3.11291 -27.8437 -36.7722 -0.237789 0.204565 0.849469
01CB30BD30379AB6 0.527157 0.487967 -0.445395 0.534431 0.078954 0.033959 -1.09733 3.00669 -27.9576 -36.6648 -1.84912 -2.61526 0.446212
01CB30BD303EC1C4 0.528366 0.490255 -0.445936 0.530679 0.123811 0.043601 -1.0588 3.11291 -27.7297 -36.7722 -2.25195 0.204565 0.04255
01CB30BD30438678 0.527935 0.48624 -0.447002 0.533893 0.141996 0.007444 -1.09492 3.00669 -27.7297 -36.7722 0.165043 -0.601099 0.042318
01CB30BD30484B2C 0.528013 0.486162 -0.447175 0.533745 0.175942 0.012265 -1.07807 3.00669 -27.8437 -36.7722 0.970707 1.01023 1.65343
01CB30BD304F723A 0.530063 0.484706 -0.448689 0.531763 0.139571 0.061679 -1.04074 3.00669 -27.7297 -36.6648 -0.640621 -2.21243 0.444938
01CB30BD305436EE 0.530965 0.485544 -0.449448 0.529452 0.095926 0.035164 -1.06121 3.00669 -27.9576 -36.8796 -2.25195 -1.00393 1.65343
01CB30BD3058FBA2 0.530192 0.477869 -0.451597 0.535348 0.201401 0.032754 -0.97451 3.00669 -28.0716 -37.0943 -2.65478 -0.198267 0.84777
01CB30BD305B5DFC 0.529861 0.478408 -0.45124 0.535496 0.129872 -0.013045 -0.945611 3.00669 -27.7297 -36.7722 -1.44629 -0.198267 0.84777
01CB30BD3064E764 0.528259 0.476917 -0.450095 0.539357 0.115324 -0.013045 -0.969693 2.90046 -27.6158 -36.987 0.165043 1.81589 -0.360938
01CB30BD3069AC18 0.528504 0.477307 -0.450088 0.538779 0.137146 -0.01425 -0.923936 3.00669 -27.7297 -36.987 -1.04345 -1.40676 0.444726
01CB30BD306E70CC 0.529607 0.484351 -0.449069 0.53222 0.086228 0.033959 -1.001 2.90046 -28.0716 -37.3091 -0.640621 0.204565 0.847558
01CB30BD307597DA 0.531607 0.491155 -0.449141 0.523864 0.049857 0.048422 -0.944406 2.90046 -27.6158 -37.2017 -2.65478 -4.22659 0.847558
01CB30BD307A5C8E 0.529952 0.491365 -0.448445 0.525936 0.129872 -0.03956 -1.07325 2.90046 -27.8437 -36.987 0.970707 1.01023 0.444515
01CB30BD307F2142 0.530746 0.491103 -0.448406 0.525413 0.138359 -0.010635 -0.968489 3.00669 -27.9576 -37.3091 -1.44629 1.41306 -0.361189
01CB30BD308FD1B8 0.530604 0.494892 -0.447294 0.522943 0.091077 -0.026303 -0.933569 2.90046 -27.5018 -37.0943 -1.44629 -1.8096 0.845277
01CB30BD30B132A4 0.531127 0.484548 -0.452614 0.527502 0.094714 0.01106 -0.986551 2.79424 -27.7297 -37.4165 -1.44629 0.607397 0.842541
01CB30BD30D4F5EA 0.531882 0.487489 -0.452877 0.523792 0.127448 -0.045586 -1.02147 2.68802 -27.5018 -37.4165 0.165043 0.204565 0.033979
01CB30BD31024298 0.532082 0.488453 -0.452706 0.522838 0.121386 0.065295 -0.990164 2.79424 -27.3879 -37.2017 0.165043 0.607397 1.24168
01CB30BD310969A6 0.533366 0.486641 -0.454063 0.522042 0.132297 0.060474 -1.04435 2.68802 -27.16 -37.0943 0.567875 -0.198267 0.838047
01CB30BD311090B4 0.534742 0.483433 -0.455599 0.522277 0.125023 0.094221 -0.944406 2.68802 -27.3879 -37.3091 -0.640621 -0.198267 0.434805
01CB30BD31155568 0.533799 0.482552 -0.455611 0.52404 0.137146 0.018291 -0.980531 2.79424 -27.6158 -37.5239 -1.04345 -0.198267 0.837039
01CB30BD311A1A1C 0.532215 0.477421 -0.455732 0.530212 0.184428 0.009854 -0.973306 2.79424 -27.3879 -37.5239 0.970707 2.62156 -1.17658
01CB30BD313DDD62 0.533715 0.489937 -0.450813 0.52142 0.126235 -0.005814 -1.04676 2.90046 -27.5018 -37.0943 1.77637 2.21873 -0.370744
01CB30BD314766CA 0.53347 0.489666 -0.449362 0.523173 0.118961 0.036369 -0.968489 2.90046 -27.8437 -37.3091 0.165043 2.21873 0.031838
01CB30BD314C2B7E 0.533825 0.491934 -0.448834 0.521134 0.106838 0.031548 -1.07686 3.00669 -27.7297 -37.4165 1.77637 0.204565 -0.370646
01CB30BD3150F032 0.532797 0.492065 -0.448031 0.52275 0.100776 -0.058844 -0.949223 3.00669 -27.3879 -36.987 -0.640621 0.204565 -0.370487
01CB30BD3155B4E6 0.531808 0.488809 -0.44912 0.525867 0.145633 -0.000993 -1.02027 2.90046 -27.6158 -36.987 -1.04345 -0.601099 0.032503
01CB30BD31581740 0.530717 0.488697 -0.448682 0.527446 0.155332 -0.076923 -1.09492 3.00669 -27.6158 -37.2017 0.970707 -1.00393 -0.370155
01CB30BD315F3E4E 0.529091 0.480865 -0.449117 0.535842 0.174729 -0.000993 -0.952835 3.00669 -27.8437 -37.2017 0.970707 2.62156 0.435463
01CB30BD31640302 0.530958 0.484605 -0.448901 0.530782 0.075317 0.073732 -0.97451 3.00669 -27.5018 -36.987 0.970707 -0.601099 -0.370028
01CB30BD316B2A10 0.533532 0.487495 -0.449527 0.524993 0.106838 0.118325 -0.981735 3.00669 -27.5018 -36.987 -0.237789 0.204565 0.434837
01CB30BD316FEEC4 0.534578 0.487985 -0.450228 0.522869 0.121386 0.093015 -1.04796 3.11291 -27.6158 -36.987 0.567875 -1.8096 0.434619
01CB30BD3174B378 0.535435 0.488902 -0.449882 0.521431 0.134722 0.014675 -1.06964 3.11291 -27.7297 -36.8796 1.77637 1.81589 -0.370699
01CB30BD3179782C 0.536479 0.483238 -0.450765 0.524864 0.146845 0.083374 -0.945611 3.11291 -28.0716 -37.2017 -0.640621 3.83005 -1.17581
01CB30BD31809F3A 0.537044 0.484781 -0.449516 0.523933 0.129872 0.061679 -1.05157 3.11291 -27.8437 -36.987 0.567875 4.23288 -0.370149
01CB30BD318563EE 0.538062 0.485756 -0.449322 0.522149 0.117749 0.06409 -0.929957 3.21913 -27.9576 -37.0943 -0.640621 -0.198267 -1.17581
01CB30BD318A28A2 0.538052 0.489144 -0.448586 0.519624 0.094714 0.03878 -1.09854 3.21913 -27.9576 -37.0943 0.165043 -0.601099 -0.370149
01CB30BD319AD918 0.532621 0.486614 -0.445259 0.530345 0.162606 -0.044381 -1.01425 3.32535 -27.8437 -36.7722 4.19336 5.84421 -1.17581
01CB30BD319F9DCC 0.531666 0.485815 -0.443828 0.533228 0.148058 -0.029918 -0.968489 3.43157 -28.1855 -36.987 0.970707 1.81589 -0.772981
01CB30BD31A20026 0.53257 0.489847 -0.443039 0.529279 0.081378 0.019496 -0.982939 3.32535 -27.9576 -36.6648 1.37354 0.204565 -0.369976
01CB30BD31A6C4DA 0.532853 0.491457 -0.442256 0.528152 0.132297 0.019496 -1.08529 3.43157 -27.9576 -36.6648 1.77637 2.62156 0.033013
01CB30BD31ADEBE8 0.534842 0.497626 -0.441713 0.52077 0.125023 0.025522 -1.07927 3.43157 -27.8437 -36.45 1.77637 -2.21243 0.033154
01CB30BD31B2B09C 0.534984 0.497369 -0.441453 0.521091 0.158969 -0.005814 -1.1756 3.43157 -28.0716 -36.7722 2.1792 3.02439 -0.771977
01CB30BD31C825C6 0.538203 0.49402 -0.443236 0.519445 0.122598 0.037575 -1.06241 3.53779 -28.1855 -36.6648 -0.237789 -3.01809 -0.367585
01CB30BD31E72458 0.538401 0.497942 -0.439395 0.518758 0.121386 -0.015456 -1.06964 3.75023 -28.4134 -36.5574 0.165043 -1.00393 -0.768781
01CB30BD31F0ADC0 0.537906 0.502072 -0.43738 0.516991 0.122598 -0.004609 -0.998593 3.85646 -28.7552 -36.7722 0.165043 0.607397 -1.17017
01CB30BD31F3101A 0.537595 0.501975 -0.43684 0.517865 0.14927 -0.01425 -1.13707 3.75023 -28.4134 -36.3426 2.58203 1.81589 -1.97491
01CB30BD31F7D4CE 0.537268 0.501329 -0.435747 0.519747 0.116536 -0.015456 -0.998593 3.85646 -28.7552 -36.45 1.37354 4.23288 -1.57044
01CB30BD31FC9982 0.5374 0.503667 -0.435044 0.517936 0.110475 0.03878 -1.00461 3.85646 -28.8692 -36.5574 1.77637 -0.198267 -0.361605
01CB30BD32015E36 0.537712 0.507872 -0.434116 0.514272 0.088652 0.000212 -1.08649 3.96268 -28.7552 -36.6648 1.77637 -1.00393 -0.360896
01CB30BD32088544 0.53572 0.507037 -0.43355 0.517641 0.138359 -0.032329 -1.03351 3.96268 -28.9831 -36.6648 0.165043 -1.40676 -1.16512
01CB30BD320AE79E 0.534893 0.50391 -0.434009 0.521153 0.16503 -0.016661 -0.987756 3.96268 -28.6413 -36.2352 -0.237789 -1.00393 -1.56723
01CB30BD32120EAC 0.533558 0.503058 -0.433511 0.523752 0.148058 -0.007019 -1.04435 3.96268 -28.9831 -36.3426 3.79053 -0.198267 -1.16369
01CB30BD3216D360 0.533837 0.49903 -0.435018 0.526067 0.146845 0.043601 -0.976918 3.85646 -29.0971 -36.45 0.970707 -2.21243 -0.759971
01CB30BD321DFA6E 0.534804 0.49909 -0.435917 0.524281 0.166243 0.071321 -1.02629 3.96268 -28.9831 -36.1278 1.77637 -1.00393 0.045693
01CB30BD3222BF22 0.53625 0.500057 -0.43645 0.521431 0.14927 0.036369 -0.963673 3.96268 -29.211 -36.45 -0.237789 -2.61526 -1.1628
01CB30BD322783D6 0.537203 0.50138 -0.436678 0.518985 0.074104 0.03878 -0.972102 3.85646 -29.0971 -36.5574 1.37354 -1.40676 -0.75962
01CB30BD322EAAE4 0.537091 0.499134 -0.436149 0.521701 0.074104 0.044806 -0.90467 3.85646 -29.0971 -36.3426 1.77637 1.81589 -1.56528
01CB30BD32336F98 0.536876 0.499558 -0.435921 0.521708 0.134722 0.03878 -1.00823 3.96268 -29.325 -36.45 2.58203 -1.8096 -0.356788
01CB30BD3238344C 0.536929 0.502742 -0.435015 0.519345 0.100776 0.01588 -0.952835 3.85646 -28.9831 -36.2352 0.970707 0.204565 -0.75962
01CB30BD323CF900 0.536897 0.503075 -0.435388 0.518743 0.097139 0.042396 -0.8553 3.85646 -29.4389 -36.3426 0.165043 -3.01809 0.448876
01CB30BD3244200E 0.533743 0.503624 -0.434648 0.522075 0.173517 -0.055228 -0.934773 3.75023 -29.211 -36.1278 -1.04345 -0.601099 -1.16245
01CB30BD3248E4C2 0.531271 0.501772 -0.433363 0.52742 0.127448 -0.03956 -0.899853 3.85646 -29.211 -36.1278 2.1792 1.41306 -1.16245
01CB30BD324DA976 0.529561 0.501049 -0.43252 0.53051 0.125023 -0.095001 -0.915507 3.75023 -29.4389 -36.45 0.165043 -0.601099 -1.16245
01CB30BD325BF792 0.530856 0.510112 -0.432198 0.520752 0.105625 0.017086 -1.03231 3.75023 -29.211 -36.0205 -0.237789 -3.01809 0.448876
01CB30BD32631EA0 0.531252 0.50773 -0.43368 0.521443 0.109262 0.039985 -0.880587 3.64401 -29.0971 -36.0205 1.37354 -1.00393 0.046044
01CB30BD326CA808 0.531601 0.504397 -0.435128 0.523114 0.141996 0.073732 -1.06482 3.64401 -29.4389 -36.45 2.98487 -1.40676 -0.75962
01CB30BD3292CDA8 0.529535 0.503879 -0.43652 0.524547 0.086228 -0.027508 -0.962469 3.43157 -29.4389 -36.45 -0.640621 -2.61526 0.047076
01CB30BD3297925C 0.530343 0.507522 -0.436426 0.520279 0.058344 0.049627 -0.879383 3.32535 -29.0971 -35.9131 -1.04345 -3.42092 0.047405
01CB30BD32A37E1E 0.527879 0.506575 -0.436044 0.524015 0.112899 -0.023892 -0.827605 3.21913 -29.211 -36.0205 0.567875 2.21873 -1.16093
01CB30BD32AAA52C 0.527371 0.505343 -0.436645 0.525213 0.095926 0.018291 -0.948019 3.11291 -29.325 -36.2352 2.1792 0.204565 0.047569
01CB30BD32AF69E0 0.526698 0.506278 -0.436377 0.525211 0.120173 -0.01425 -0.898649 3.11291 -29.0971 -35.9131 0.970707 -1.40676 -0.355263
01CB30BD32BDB7FC 0.525751 0.506336 -0.438731 0.52414 0.122598 -0.035945 -0.878179 3.00669 -29.0971 -36.0205 -1.44629 -1.40676 -0.355099
01CB30BD32D7F1DA 0.526903 0.496686 -0.443754 0.527976 0.132297 0.018291 -0.887812 2.90046 -29.325 -36.1278 -1.84912 -1.40676 0.048417
01CB30BD32DA5434 0.526974 0.497684 -0.443718 0.526995 0.082591 0.01106 -0.852892 2.90046 -28.9831 -35.9131 -0.237789 -1.8096 0.451042
01CB30BD32DF18E8 0.526531 0.496509 -0.443495 0.52873 0.146845 -0.020277 -0.986551 2.90046 -29.325 -35.9131 1.37354 1.41306 0.450997
01CB30BD32E3DD9C 0.527847 0.496698 -0.443502 0.527233 0.081378 0.055653 -0.831217 2.90046 -29.211 -36.2352 -1.44629 1.01023 0.048306
01CB30BD32EB04AA 0.527547 0.498566 -0.443083 0.526122 0.078954 0.007444 -0.874566 2.79424 -29.211 -36.2352 -0.237789 0.204565 0.853555
01CB30BD330079D4 0.522024 0.497876 -0.441319 0.533712 0.125023 -0.099822 -0.935977 2.79424 -29.0971 -36.1278 -0.237789 0.204565 -0.757785
01CB30BD3302DC2E 0.520808 0.496731 -0.440877 0.536326 0.14927 -0.08777 -1.01304 2.79424 -29.325 -36.45 -0.237789 1.01023 -0.35479
01CB30BD3307A0E2 0.520848 0.496556 -0.440125 0.537066 0.109262 -0.046792 -0.972102 2.79424 -28.9831 -36.3426 -0.237789 3.42722 0.047813
01CB30BD330C6596 0.522132 0.501448 -0.439748 0.531554 0.054707 -0.000993 -0.948019 2.79424 -28.8692 -36.0205 -0.640621 -1.8096 0.853086
01CB30BD330EC7F0 0.521997 0.501893 -0.439983 0.531072 0.112899 -0.029918 -1.03713 2.79424 -29.325 -36.45 -1.44629 -1.8096 0.853086
01CB30BD3315EEFE 0.52449 0.50438 -0.440719 0.525621 0.070467 0.054448 -0.984143 2.79424 -29.325 -36.5574 -1.84912 -1.00393 0.047422
01CB30BD331D160C 0.525033 0.505694 -0.441707 0.522981 0.129872 0.020701 -1.01304 2.90046 -29.325 -36.6648 -1.84912 -1.00393 0.0474
01CB30BD3321DAC0 0.525421 0.503214 -0.442844 0.524021 0.112899 0.017086 -1.03231 2.79424 -29.211 -36.6648 0.567875 -0.198267 1.65871
01CB30BD33269F74 0.525814 0.499783 -0.443739 0.526149 0.140783 0.042396 -0.976918 2.68802 -28.9831 -36.2352 0.567875 1.81589 0.450211
01CB30BD332DC682 0.527209 0.496501 -0.445468 0.526399 0.134722 0.072526 -1.00943 2.79424 -29.211 -36.5574 0.567875 0.204565 0.047379
01CB30BD33328B36 0.52806 0.496757 -0.445951 0.524893 0.104413 0.01347 -0.997389 2.79424 -28.8692 -36.45 -1.84912 -0.601099 1.25588
01CB30BD33374FEA 0.528044 0.493901 -0.447113 0.526613 0.138359 0.023112 -0.99498 2.79424 -28.8692 -36.2352 -3.05761 -1.00393 0.047379
01CB30BD3339B244 0.527272 0.494038 -0.447014 0.527342 0.125023 -0.025098 -1.0287 2.68802 -28.9831 -36.6648 -1.04345 -1.40676 0.853043
01CB30BD33433BAC 0.525059 0.489875 -0.446793 0.533584 0.140783 -0.033534 -0.943202 2.68802 -29.211 -36.5574 -1.04345 0.204565 -0.355453
01CB30BD33480060 0.523303 0.489551 -0.446047 0.536223 0.123811 -0.058844 -1.02027 2.79424 -28.9831 -36.6648 0.567875 0.204565 0.853043
01CB30BD334CC514 0.523714 0.490212 -0.445533 0.535646 0.106838 0.01588 -0.938386 2.68802 -28.8692 -36.3426 -0.237789 1.81589 0.853043
01CB30BD335189C8 0.524177 0.494623 -0.444995 0.531569 0.075317 0.005033 -0.909486 2.68802 -28.7552 -36.2352 -1.04345 -1.40676 0.853043
01CB30BD3358B0D6 0.525041 0.502069 -0.444241 0.524317 0.074104 0.029138 -0.968489 2.5818 -28.7552 -36.2352 -0.237789 -1.00393 1.65774
01CB30BD335D758A 0.524292 0.502435 -0.444609 0.524404 0.110475 -0.044381 -0.923936 2.68802 -28.7552 -36.45 -1.84912 -2.61526 1.25491
01CB30BD33623A3E 0.523898 0.501507 -0.444993 0.525359 0.126235 0.009854 -0.975714 2.47558 -28.8692 -36.3426 -0.237789 1.81589 0.852077
01CB30BD3369614C 0.523541 0.499719 -0.445046 0.527368 0.095926 0.005033 -0.901057 2.47558 -28.9831 -36.5574 0.567875 1.01023 0.852077
01CB30BD336E2600 0.523348 0.500041 -0.444928 0.527356 0.078954 -0.031124 -1.01063 2.47558 -28.8692 -36.5574 0.970707 0.607397 0.448834
01CB30BD3372EAB4 0.523933 0.497918 -0.445496 0.528304 0.117749 0.04119 -0.961264 2.47558 -28.6413 -36.45 -0.640621 3.83005 0.045591
01CB30BD3377AF68 0.524304 0.499139 -0.44608 0.526288 0.095926 0.01106 -0.938386 2.47558 -28.6413 -36.3426 -2.25195 -1.8096 0.850109
01CB30BD337ED676 0.523698 0.499519 -0.44775 0.52511 0.138359 -0.009429 -0.95404 2.36936 -28.5273 -36.45 -2.65478 -1.00393 1.25104
01CB30BD33885FDE 0.520586 0.492433 -0.449721 0.533152 0.179579 -0.03715 -1.02027 2.26314 -28.6413 -36.3426 0.165043 1.01023 0.848208
01CB30BD338F86EC 0.521024 0.487268 -0.450957 0.536415 0.129872 0.032754 -0.887812 2.26314 -28.4134 -36.3426 -0.640621 -0.198267 1.25104
01CB30BD33FD3318 0.526563 0.485287 -0.459384 0.525542 0.115324 0.096631 -1.00461 1.94447 -28.2995 -36.7722 0.165043 -0.198267 0.842808
01CB30BD342A7FC6 0.525618 0.48949 -0.459592 0.522399 0.101988 -0.004609 -0.87577 1.73203 -28.2995 -36.7722 -1.84912 -0.198267 -0.367055
01CB30BD343D9296 0.523578 0.489026 -0.458519 0.525814 0.074104 0.017086 -0.92514 1.62581 -27.9576 -36.7722 -0.640621 -1.8096 0.035928
01CB30BD345EF382 0.521608 0.476865 -0.463575 0.534437 0.042583 0.070116 -0.899853 1.41336 -27.6158 -36.6648 -0.640621 -1.00393 0.034805
01CB30BD346ADF44 0.523307 0.47686 -0.464685 0.531811 0.137146 0.037575 -0.967285 1.51959 -27.7297 -36.8796 0.970707 -0.198267 -0.367923
01CB30BD34A67A0E 0.51493 0.491511 -0.458282 0.532204 0.029247 0.048422 -1.04435 1.30714 -28.1855 -37.0943 0.970707 -3.01809 0.035424
01CB30BD34B98CDE 0.514652 0.484415 -0.462014 0.535741 0.123811 0.052037 -0.862525 1.20092 -28.5273 -36.7722 2.1792 -1.00393 0.034996
01CB30BD35227456 0.510989 0.484844 -0.456167 0.543809 0.110475 -0.045586 -0.986551 1.0947 -29.325 -36.1278 1.37354 1.41306 -1.17534
01CB30BD355BACC6 0.510313 0.47971 -0.460155 0.545634 0.118961 0.027933 -0.991368 0.776037 -29.8947 -36.1278 0.165043 -2.61526 0.033296
01CB30BD3573844A 0.508602 0.482612 -0.460251 0.544591 0.122598 0.01106 -0.91069 0.563594 -29.6668 -35.6983 0.567875 -1.00393 -0.368766
01CB30BD357848FE 0.50764 0.48294 -0.459879 0.545511 0.099564 0.000212 -0.951631 0.669816 -29.7807 -35.5909 0.970707 -0.601099 -0.771086
01CB30BD357D0DB2 0.507289 0.48338 -0.460249 0.545135 0.098351 -0.013045 -0.858912 0.669816 -30.0086 -35.9131 -1.44629 -1.8096 -0.368285
01CB30BD3581D266 0.505645 0.483863 -0.460197 0.546277 0.134722 -0.061255 -0.89022 0.563594 -29.8947 -35.9131 -2.65478 -2.21243 0.034335
01CB30BD3586971A 0.502905 0.479825 -0.460271 0.552273 0.137146 -0.038355 -0.920324 0.457373 -29.6668 -35.9131 -1.44629 0.607397 0.034305
01CB30BD358B5BCE 0.501794 0.478047 -0.460061 0.554994 0.134722 -0.044381 -0.821584 0.563594 -29.6668 -35.5909 -0.237789 -1.00393 -0.771029
01CB30BD35902082 0.501078 0.477834 -0.459737 0.556091 0.125023 -0.023892 -0.968489 0.563594 -29.7807 -35.5909 0.567875 -0.198267 -0.770338
01CB30BD35974790 0.502899 0.480864 -0.460643 0.551064 0.060768 0.052037 -0.861321 0.457373 -29.5529 -35.5909 -1.44629 -2.61526 0.035098
01CB30BD359C0C44 0.503388 0.481585 -0.461415 0.549339 0.100776 0.047217 -0.920324 0.457373 -30.0086 -36.0205 -1.44629 -5.43508 0.035083
01CB30BD35A0D0F8 0.505592 0.482534 -0.462938 0.545184 0.089865 0.097836 -0.952835 0.457373 -29.6668 -35.9131 -1.84912 -2.21243 0.034691
01CB30BD35A595AC 0.505943 0.479827 -0.464263 0.546121 0.111687 0.03878 -0.852892 0.457373 -29.4389 -35.6983 -1.84912 -1.40676 0.03448
01CB30BD35ACBCBA 0.505866 0.473762 -0.465613 0.550321 0.126235 0.033959 -1.01184 0.351151 -29.5529 -35.9131 0.165043 2.21873 0.034433
01CB30BD35B1816E 0.506303 0.470715 -0.465699 0.552457 0.140783 0.030343 -0.851688 0.351151 -29.325 -35.6983 -0.237789 2.62156 0.034943
01CB30BD35B64622 0.507435 0.472466 -0.465953 0.549703 0.097139 0.032754 -0.916711 0.351151 -29.325 -35.9131 -3.46044 0.204565 -0.770737
01CB30BD35BB0AD6 0.507793 0.475026 -0.465892 0.547213 0.086228 0.026728 -0.86975 0.351151 -29.5529 -35.8057 -3.46044 -0.198267 1.24342
01CB30BD35C231E4 0.505852 0.474914 -0.466704 0.548414 0.131085 -0.049202 -0.873362 0.351151 -29.4389 -36.1278 -4.66894 -4.22659 0.437759
01CB30BD35C6F698 0.504326 0.474379 -0.466267 0.55065 0.131085 -0.073307 -0.970898 0.351151 -29.6668 -36.45 -3.46044 -1.00393 0.034927
01CB30BD35CBBB4C 0.50255 0.470543 -0.465831 0.555909 0.126235 -0.075717 -0.73609 0.351151 -29.211 -36.1278 -3.46044 3.02439 -0.367905
01CB30BD35D2E25A 0.501014 0.469998 -0.46531 0.558187 0.14442 -0.031124 -0.980531 0.351151 -29.325 -36.5574 -1.44629 1.41306 -0.367905
01CB30BD35D7A70E 0.502171 0.472823 -0.464351 0.555555 0.072892 0.017086 -0.84085 0.351151 -28.9831 -36.3426 -3.05761 3.02439 -0.367905
01CB30BD35DC6BC2 0.503217 0.477584 -0.464672 0.550242 0.075317 0.000212 -1.0588 0.351151 -28.9831 -36.2352 -3.86328 -3.01809 1.24342
01CB30BD35F6A5A0 0.506738 0.473138 -0.469214 0.546987 0.112899 0.058064 -0.982939 0.24493 -28.5273 -36.45 -3.46044 -1.8096 2.04909
01CB30BD3632406A 0.506631 0.472225 -0.472758 0.54482 0.110475 -0.010635 -0.926344 0.138709 -27.8437 -36.987 -0.640621 3.02439 0.034927
01CB30BD3634A2C4 0.506353 0.471567 -0.472846 0.545571 0.104413 -0.025098 -0.845667 0.138709 -27.5018 -36.8796 -2.25195 1.01023 0.840591
01CB30BD36396778 0.506314 0.471953 -0.473174 0.544989 0.097139 0.018291 -0.992572 0.032487 -27.6158 -36.8796 -1.44629 0.204565 1.24342
01CB30BD36408E86 0.505558 0.472128 -0.473516 0.545241 0.098351 -0.06246 -0.885404 -0.073734 -27.5018 -36.987 -4.26611 -0.601099 1.24342
01CB30BD3642F0E0 0.504369 0.471748 -0.473698 0.546512 0.105625 -0.079333 -0.892628 -0.073734 -27.7297 -37.2017 -4.66894 -2.61526 0.437759
01CB30BD364A17EE 0.501889 0.469004 -0.47414 0.550758 0.145633 -0.049202 -0.975714 -0.073734 -27.6158 -37.4165 -2.25195 -1.40676 0.840591
01CB30BD364EDCA2 0.500211 0.464644 -0.474505 0.555644 0.129872 -0.025098 -0.86975 -0.073734 -27.16 -36.987 -1.04345 1.01023 0.437563
01CB30BD3658660A 0.501012 0.462705 -0.476254 0.555043 0.12866 -0.008224 -0.933569 -0.073734 -27.3879 -37.2017 -2.25195 0.204565 1.24267
01CB30BD365AC864 0.501665 0.461622 -0.476951 0.554756 0.123811 0.037575 -0.929957 -0.179955 -27.16 -37.2017 -1.84912 1.01023 1.24267
01CB30BD365F8D18 0.504532 0.464228 -0.478739 0.548405 0.086228 0.044806 -0.951631 -0.179955 -27.0461 -36.987 -3.05761 -4.22659 1.24212
01CB30BD3666B426 0.506756 0.462855 -0.481398 0.545176 0.117749 0.014675 -0.961264 -0.286177 -27.0461 -37.2017 -3.05761 -0.198267 1.24212
01CB30BD366B78DA 0.508249 0.4585 -0.483347 0.545744 0.132297 0.106273 -0.986551 -0.179955 -27.16 -37.4165 -1.84912 -0.198267 0.838536
01CB30BD366DDB34 0.508103 0.458548 -0.482983 0.546161 0.125023 0.005033 -1.06241 -0.179955 -27.274 -37.7387 -1.44629 2.21873 0.43551
01CB30BD36750242 0.508345 0.454325 -0.483229 0.549239 0.139571 0.054448 -0.926344 -0.286177 -27.0461 -37.6313 -1.84912 5.03855 0.43551
01CB30BD367C2950 0.509382 0.458136 -0.482652 0.545608 0.092289 -0.000993 -0.978122 -0.179955 -27.16 -37.9535 -2.65478 0.607397 1.24117
01CB30BD3683505E 0.508684 0.459946 -0.48276 0.544641 0.105625 -0.034739 -0.860117 -0.286177 -27.16 -37.8461 -4.66894 -0.601099 2.04684
01CB30BD36881512 0.507214 0.460961 -0.482797 0.545122 0.125023 -0.017866 -0.958856 -0.179955 -26.9321 -37.8461 -3.86328 -1.40676 0.838342
01CB30BD3698C588 0.500896 0.455117 -0.480634 0.55764 0.121386 -0.002198 -0.981735 -0.286177 -26.5903 -37.6313 0.165043 2.21873 1.24117
01CB30BD36A4B14A 0.505373 0.464601 -0.480738 0.545562 0.061981 0.083374 -1.06362 -0.179955 -26.7042 -37.6313 -1.04345 -0.198267 1.24117
01CB30BD36A713A4 0.505865 0.465017 -0.481343 0.544214 0.099564 0.027933 -1.08168 -0.286177 -26.4763 -37.9535 -3.86328 -1.00393 1.64401
01CB30BD36ABD858 0.507518 0.465601 -0.482516 0.541127 0.080166 0.06409 -0.921528 -0.286177 -26.3624 -37.6313 -2.25195 -1.40676 0.838342
01CB30BD36B2FF66 0.50847 0.46281 -0.483078 0.542127 0.110475 0.086989 -0.98896 -0.179955 -26.3624 -37.6313 -1.04345 4.23288 0.032678
01CB30BD36B7C41A 0.508864 0.460625 -0.483906 0.542878 0.109262 0.067705 -0.986551 -0.179955 -26.2484 -37.7387 -1.44629 -0.198267 1.64401
01CB30BD36BC88CE 0.509331 0.459962 -0.484375 0.542585 0.137146 0.06409 -1.13466 -0.179955 -26.4763 -37.7387 -0.640621 2.21873 0.838342
01CB30BD36C14D82 0.50947 0.456191 -0.485797 0.544364 0.120173 0.012265 -0.976918 -0.179955 -26.7042 -37.8461 -3.05761 -1.40676 1.24117
01CB30BD36C61236 0.509586 0.455768 -0.48659 0.5439 0.174729 0.042396 -1.06723 -0.179955 -26.5903 -38.1682 -3.05761 -0.601099 1.24117
01CB30BD36CD3944 0.508105 0.45103 -0.486608 0.549194 0.132297 0.027933 -0.996185 -0.179955 -26.2484 -37.8461 -0.237789 3.42722 0.43551
01CB30BD36D1FDF8 0.506797 0.445737 -0.487023 0.554332 0.162606 -0.017866 -0.999797 -0.179955 -26.2484 -37.8461 -1.04345 1.81589 0.032678
01CB30BD36D92506 0.506945 0.445842 -0.486077 0.554942 0.155332 0.061679 -1.06241 -0.179955 -26.3624 -38.1682 1.37354 3.83005 -0.370154
01CB30BD36DDE9BA 0.508861 0.452677 -0.485084 0.548486 0.074104 0.002623 -0.961264 -0.179955 -26.0206 -37.7387 -1.84912 -0.601099 0.838342
01CB30BD36E2AE6E 0.510417 0.458181 -0.484913 0.542592 0.072892 0.102657 -1.06121 -0.179955 -26.2484 -37.8461 -0.237789 -1.8096 0.838342
01CB30BD36E77322 0.511421 0.462202 -0.484917 0.538213 0.077741 0.055653 -0.956448 -0.286177 -26.4763 -38.0608 -0.237789 -2.21243 1.24117
01CB30BD36EE9A30 0.510672 0.466104 -0.484258 0.536148 0.129872 -0.01425 -1.09613 -0.286177 -26.2484 -37.8461 2.58203 -0.198267 0.032678
01CB30BD36F0FC8A 0.511035 0.466069 -0.484309 0.535787 0.105625 0.060474 -1.0588 -0.286177 -26.3624 -38.0608 0.970707 1.41306 0.435315
01CB30BD36F82398 0.509359 0.462361 -0.483748 0.541076 0.132297 0.002623 -0.931161 -0.179955 -26.2484 -37.6313 1.77637 1.81589 -0.773555
01CB30BD36FCE84C 0.508059 0.462212 -0.482872 0.543206 0.129872 0.007444 -1.12864 -0.179955 -26.2484 -37.7387 2.98487 2.21873 0.837773
01CB30BD37040F5A 0.506993 0.461962 -0.482001 0.545182 0.082591 -0.01184 -0.909486 -0.286177 -26.1345 -37.7387 2.58203 0.204565 1.64344
01CB30BD3708D40E 0.506529 0.462535 -0.482385 0.544789 0.105625 0.033959 -1.07686 -0.392398 -26.3624 -37.5239 2.1792 -1.8096 1.2406
01CB30BD370D98C2 0.506435 0.462163 -0.482813 0.544813 0.116536 -0.008224 -0.891424 -0.286177 -26.5903 -37.7387 0.567875 0.204565 0.434941
01CB30BD3727D2A0 0.505126 0.454867 -0.484457 0.550676 0.138359 0.09181 -0.987756 -0.392398 -27.0461 -37.5239 4.19336 1.41306 0.837773
01CB30BD376CF6D2 0.503352 0.464073 -0.475422 0.552491 0.063193 0.046011 -1.04917 0.032487 -27.3879 -36.8796 1.37354 0.607397 -0.772234
01CB30BD3784CE56 0.508898 0.468835 -0.476647 0.54224 0.14927 0.065295 -1.11058 0.138709 -27.6158 -37.0943 0.165043 1.81589 -1.17507
01CB30BD378730B0 0.509578 0.468873 -0.476456 0.541736 0.121386 0.0665 -1.11058 0.138709 -27.3879 -36.8796 0.165043 2.62156 -0.77189
01CB30BD378BF564 0.510296 0.46699 -0.477141 0.542083 0.14442 0.102657 -1.13225 0.138709 -27.5018 -37.0943 -0.237789 -1.40676 -0.368551
01CB30BD3790BA18 0.511439 0.467239 -0.477365 0.540592 0.14927 0.093015 -1.13948 0.138709 -27.7297 -37.0943 -2.25195 0.607397 -1.17317
01CB30BD3797E126 0.511716 0.465196 -0.478387 0.541189 0.140783 0.04119 -1.10817 0.138709 -27.274 -36.987 -2.65478 -1.40676 -0.366658
01CB30BD379CA5DA 0.511637 0.463845 -0.47777 0.542965 0.12866 -0.008224 -1.06121 0.24493 -27.6158 -37.2017 -1.44629 3.42722 -1.97799
01CB30BD37A16A8E 0.510826 0.462277 -0.477349 0.545431 0.138359 -0.013045 -0.981735 0.138709 -27.274 -37.0943 -1.84912 3.83005 -1.57516
01CB30BD37A62F42 0.509633 0.459215 -0.477225 0.549228 0.123811 0.014675 -1.0311 0.24493 -27.3879 -37.0943 -0.237789 -0.601099 -1.97799
01CB30BD37AFB8AA 0.513336 0.466159 -0.476173 0.540779 0.085015 0.055653 -0.972102 0.24493 -27.6158 -37.3091 -2.65478 -1.00393 -0.366658
01CB30BD37B94212 0.515656 0.47413 -0.476131 0.531603 0.105625 0.024317 -0.998593 0.24493 -27.0461 -37.0943 -2.25195 -0.601099 -1.17232
01CB30BD37C06920 0.51476 0.474103 -0.4757 0.532877 0.154119 -0.054023 -1.08529 0.457373 -27.5018 -37.7387 0.165043 0.204565 -1.97799
01CB30BD37C2CB7A 0.513865 0.47256 -0.474946 0.535776 0.140783 -0.034739 -1.04194 0.351151 -27.5018 -37.5239 -0.237789 4.23288 -2.78365
01CB30BD37C7902E 0.512639 0.468596 -0.474533 0.540775 0.166243 -0.002198 -0.97451 0.351151 -27.6158 -37.6313 0.567875 1.81589 -1.97799
01CB30BD37CC54E2 0.512773 0.468793 -0.474228 0.540745 0.115324 0.017086 -1.00582 0.457373 -27.16 -37.4165 0.165043 1.41306 -1.57516
01CB30BD37D37BF0 0.513141 0.469492 -0.473827 0.54014 0.126235 0.039985 -0.986551 0.457373 -27.16 -37.3091 -0.640621 0.204565 -0.76949
01CB30BD37D840A4 0.512185 0.472314 -0.473345 0.539009 0.114112 -0.01425 -0.999797 0.457373 -27.16 -37.4165 -1.44629 -3.42092 -0.366658
01CB30BD37DD0558 0.511478 0.47251 -0.473476 0.539393 0.123811 -0.03956 -1.04676 0.457373 -27.274 -37.4165 -1.84912 -1.40676 -0.76949
01CB30BD37E1CA0C 0.510992 0.464568 -0.47541 0.545022 0.180791 0.056858 -0.946815 0.457373 -27.3879 -37.5239 -2.25195 -0.198267 -0.76949
01CB30BD37E8F11A 0.509779 0.457958 -0.476498 0.550771 0.200189 0.033959 -1.08529 -0.498619 -26.5903 -38.8126 1.77637 2.62156 -1.97799
01CB30BD37EDB5CE 0.510808 0.453805 -0.478915 0.551159 0.141996 0.108683 -0.981735 -0.392398 -26.9321 -38.2756 1.77637 1.81589 -1.57516
01CB30BD37F27A82 0.512275 0.458487 -0.479215 0.545635 0.057131 0.046011 -1.0889 -0.286177 -26.8182 -37.9535 0.970707 0.204565 -1.57516
01CB30BD37F73F36 0.513016 0.459048 -0.479332 0.544363 0.116536 0.113504 -1.10576 -0.179955 -26.7042 -37.5239 1.77637 1.81589 -1.17232
01CB30BD37FE6644 0.515979 0.462527 -0.480477 0.537565 0.10805 0.107478 -1.01184 -0.073734 -26.5903 -37.2017 0.165043 -0.601099 -1.57516
01CB30BD38032AF8 0.51455 0.462281 -0.479617 0.539907 0.121386 0.017086 -1.05157 0.032487 -26.7042 -37.3091 3.79053 3.02439 -1.17232
01CB30BD3807EFAC 0.514466 0.4613 -0.479281 0.541125 0.137146 0.01347 -0.911895 0.032487 -26.9321 -37.5239 1.37354 1.81589 -1.97799
01CB30BD380F16BA 0.511995 0.462963 -0.477566 0.54356 0.137146 -0.029918 -1.07686 0.032487 -27.0461 -37.4165 1.77637 1.81589 -1.57445
01CB30BD3813DB6E 0.510564 0.463308 -0.4768 0.545281 0.086228 -0.033534 -0.937182 0.138709 -27.0461 -37.4165 -0.640621 0.607397 -0.365796
01CB30BD3818A022 0.507181 0.461377 -0.475868 0.550859 0.161393 -0.044381 -1.00823 0.24493 -27.16 -37.6313 2.1792 0.204565 -0.365796
01CB30BD381D64D6 0.505609 0.460009 -0.47448 0.554635 0.158969 -0.054023 -1.06843 0.351151 -27.0461 -37.5239 2.98487 3.02439 -1.57359
01CB30BD38248BE4 0.504253 0.457289 -0.473556 0.558892 0.123811 -0.049202 -0.97451 0.351151 -27.0461 -37.2017 0.970707 1.01023 -1.5722
01CB30BD38295098 0.504418 0.458615 -0.47309 0.558051 0.139571 0.049627 -1.16958 0.351151 -27.16 -37.2017 3.79053 0.204565 0.039473
01CB30BD382E154C 0.507509 0.465309 -0.472256 0.550361 0.065618 0.077347 -1.05157 0.457373 -27.5018 -37.3091 1.77637 -0.198267 -0.766191
01CB30BD38353C5A 0.50996 0.468181 -0.472886 0.545093 0.141996 0.11712 -1.18764 0.563594 -27.3879 -36.987 2.1792 -0.601099 -0.766191
01CB30BD383A010E 0.510763 0.46685 -0.472453 0.545858 0.143208 0.048422 -1.09372 0.563594 -27.5018 -37.2017 2.98487 3.42722 -1.1685
01CB30BD383EC5C2 0.511216 0.464736 -0.471787 0.54781 0.209887 0.070116 -1.16236 0.669816 -27.7297 -37.2017 2.98487 3.42722 -1.57134
01CB30BD384F7638 0.514152 0.46967 -0.469213 0.543044 0.139571 0.026728 -1.16356 0.776037 -27.7297 -36.987 0.165043 -1.8096 -1.1685
01CB30BD38674DBC 0.512409 0.475353 -0.463878 0.544328 0.103201 -0.003403 -1.13707 1.0947 -27.9576 -36.987 1.77637 -1.8096 -1.16747
01CB30BD389BC178 0.51039 0.469705 -0.461225 0.553309 0.152907 -0.028713 -1.05639 1.20092 -28.6413 -37.2017 0.970707 1.41306 -1.56632
01CB30BD38A54AE0 0.513036 0.473391 -0.460766 0.548079 0.101988 0.039985 -1.00582 1.30714 -28.4134 -36.987 0.567875 1.81589 -0.357829
01CB30BD38A7AD3A 0.514133 0.479354 -0.459934 0.542538 0.041371 -0.008224 -1.0299 1.30714 -28.2995 -36.8796 -1.84912 -1.8096 -0.357829
01CB30BD38AC71EE 0.515283 0.482545 -0.460494 0.538126 0.097139 0.076142 -1.15272 1.30714 -28.1855 -36.7722 -1.44629 -2.21243 0.447835
01CB30BD38B136A2 0.51595 0.485326 -0.460262 0.535175 0.08744 -0.016661 -1.0287 1.30714 -28.6413 -36.987 -1.84912 -0.198267 -0.760661
01CB30BD38B85DB0 0.515511 0.48533 -0.460499 0.535392 0.154119 -0.043176 -1.10697 1.30714 -28.1855 -36.8796 -1.04345 -0.198267 -0.760661
01CB30BD38BD2264 0.514174 0.482516 -0.459828 0.539779 0.163818 -0.086564 -1.04555 1.20092 -28.1855 -36.987 -0.237789 3.42722 -1.16349
01CB30BD38C1E718 0.513459 0.481835 -0.459551 0.541302 0.134722 -0.033534 -1.04555 1.30714 -28.2995 -37.3091 -2.25195 1.01023 0.045003
01CB30BD38C6ABCC 0.512575 0.480273 -0.459591 0.543487 0.132297 -0.041971 -1.12984 1.20092 -28.0716 -37.2017 -2.25195 0.607397 -0.760661
01CB30BD38CB7080 0.511092 0.480484 -0.459454 0.544814 0.111687 -0.073307 -0.958856 1.20092 -27.6158 -36.8796 -3.05761 -0.198267 0.045003
01CB30BD38D2978E 0.510135 0.480862 -0.46025 0.544705 0.117749 -0.061255 -1.08529 1.20092 -27.8437 -36.987 -4.26611 -4.62942 0.045003
01CB30BD38D75C42 0.50874 0.478726 -0.460271 0.547864 0.14927 -0.081743 -0.998593 1.20092 -27.8437 -37.0943 -1.84912 1.41306 0.447835
01CB30BD38E34804 0.508749 0.478553 -0.461115 0.547297 0.075317 0.024317 -0.902261 1.0947 -27.7297 -37.2017 0.165043 1.01023 0.447835
01CB30BD38EF33C6 0.513926 0.483938 -0.464355 0.534845 0.099564 0.026728 -0.934773 0.98848 -27.5018 -37.2017 -3.86328 -1.40676 0.850667
01CB30BD38F3F87A 0.516301 0.484123 -0.466305 0.530677 0.08744 0.023112 -0.938386 0.98848 -27.7297 -37.5239 -5.07177 -2.21243 0.447835
01CB30BD38F3F87A 0.516301 0.484123 -0.466305 0.530677 0.08744 0.023112 -0.938386 0.98848 -27.7297 -37.5239 -5.07177 -2.21243 0.447835
01CB30BD38F8BD2E 0.517454 0.480622 -0.468362 0.530925 0.117749 0.082168 -1.05278 0.98848 -27.274 -37.5239 -3.46044 -0.198267 0.045003
01CB30BD39024696 0.51598 0.472306 -0.468798 0.53937 0.138359 0.002623 -0.962469 0.882258 -27.16 -37.6313 -0.237789 2.21873 -0.357829
01CB30BD39070B4A 0.517441 0.471737 -0.469531 0.537829 0.121386 0.065295 -1.00461 0.882258 -27.0461 -37.7387 -0.640621 2.62156 0.045003
01CB30BD390BCFFE 0.518101 0.473483 -0.469099 0.536033 0.085015 0.006239 -0.897445 0.882258 -26.9321 -37.5239 -2.65478 2.21873 0.045003
01CB30BD3912F70C 0.517965 0.47855 -0.469492 0.531299 0.082591 -0.01184 -1.01906 0.98848 -27.16 -38.1682 -3.86328 -2.21243 0.850667
01CB30BD3917BBC0 0.515044 0.474245 -0.4697 0.537776 0.122598 -0.11549 -0.878179 0.882258 -26.8182 -37.8461 -3.46044 0.607397 1.2535
01CB30BD391C8074 0.513093 0.470208 -0.470222 0.542708 0.167455 -0.049202 -1.00461 0.882258 -26.9321 -37.8461 -4.26611 1.01023 -0.357829
01CB30BD39214528 0.51064 0.467155 -0.469376 0.548361 0.154119 -0.084154 -1.01304 0.882258 -26.8182 -37.7387 -1.04345 4.63572 0.045003
01CB30BD39286C36 0.509616 0.463228 -0.468895 0.553037 0.146845 -0.03715 -0.980531 0.98848 -27.0461 -38.0608 -0.640621 4.63572 0.850667
01CB30BD392D30EA 0.511236 0.466911 -0.468341 0.548898 0.086228 -0.028713 -1.20571 0.98848 -26.8182 -38.2756 -1.04345 1.41306 0.447835
01CB30BD3931F59E 0.514525 0.472133 -0.468137 0.541481 0.05107 0.062885 -1.03953 1.0947 -26.4763 -37.8461 -3.05761 2.21873 1.2535
01CB30BD3936BA52 0.51515 0.474634 -0.469021 0.537924 0.092289 0.042396 -1.19005 0.98848 -26.4763 -37.8461 -1.84912 -3.42092 2.05916
01CB30BD393DE160 0.516135 0.473743 -0.469802 0.537084 0.152907 0.042396 -1.12623 1.0947 -26.3624 -38.0608 -0.237789 2.21873 0.850667
01CB30BD3942A614 0.516917 0.472944 -0.47019 0.536696 0.150482 -0.002198 -1.2334 1.0947 -26.1345 -37.7387 -1.04345 2.62156 1.2535
01CB30BD39476AC8 0.517783 0.471761 -0.470294 0.536811 0.155332 0.096631 -1.23701 1.0947 -26.3624 -37.9535 -1.04345 3.42722 1.2535
01CB30BD394C2F7C 0.519026 0.4706 -0.470863 0.53613 0.137146 0.074937 -1.12744 1.20092 -26.3624 -38.0608 -2.25195 1.41306 1.2535
01CB30BD39581B3E 0.519743 0.468474 -0.472603 0.535766 0.167455 0.002623 -1.12021 1.20092 -26.1345 -38.2756 -4.26611 1.41306 1.65633
01CB30BD395A7D98 0.520016 0.468761 -0.472384 0.535441 0.114112 0.003828 -1.03833 1.20092 -26.3624 -38.1682 -3.05761 2.21873 0.447835
01CB30BD39640700 0.519111 0.463294 -0.472518 0.540934 0.148058 0.01106 -1.12503 1.20092 -25.9066 -38.0608 -1.84912 4.23288 0.850667
01CB30BD396B2E0E 0.521887 0.474261 -0.47113 0.529856 0.071679 -0.010635 -1.09733 1.20092 -26.1345 -38.383 -3.05761 -1.40676 1.2535
01CB30BD3974B776 0.524726 0.481721 -0.471628 0.519783 0.088652 0.009854 -1.01184 1.20092 -25.6787 -38.0608 -2.25195 -2.61526 0.447835
01CB30BD39C829C4 0.525582 0.463593 -0.478786 0.52878 0.141996 0.047217 -1.27795 0.882258 -25.4508 -39.0273 -0.640621 0.607397 0.848175
01CB30BD39CCEE78 0.525723 0.463807 -0.478911 0.52834 0.100776 -0.004609 -1.1756 0.98848 -25.109 -38.7052 -4.66894 1.01023 0.848175
01CB30BD39CF50D2 0.525711 0.463692 -0.479257 0.528139 0.125023 0.018291 -1.14068 0.98848 -25.4508 -38.8126 -5.07177 -0.601099 0.445343
01CB30BD39D677E0 0.524743 0.46388 -0.479781 0.52846 0.129872 -0.080538 -1.20089 0.882258 -25.3369 -39.0273 -3.46044 -1.40676 0.042511
01CB30BD39DB3C94 0.523258 0.46171 -0.479733 0.531866 0.171092 -0.057639 -1.11419 0.882258 -24.9951 -38.8126 -2.65478 1.41306 -0.360321
01CB30BD39E263A2 0.520422 0.461114 -0.478888 0.535911 0.168667 -0.078128 -1.13948 0.882258 -24.8811 -39.0273 -1.44629 2.21873 -0.360321
01CB30BD39EE4F64 0.522782 0.466835 -0.478719 0.528764 0.047432 0.076142 -1.20932 0.98848 -24.8811 -39.0273 -2.65478 -3.82375 1.25101
01CB30BD39F0B1BE 0.522876 0.467185 -0.479016 0.528094 0.110475 0.043601 -1.20811 0.882258 -24.6532 -38.5978 -1.44629 -1.8096 0.445343
01CB30BD39F7D8CC 0.525951 0.471352 -0.480686 0.519753 0.106838 0.052037 -1.1166 0.98848 -24.4253 -38.383 -2.25195 -5.03225 1.25101
01CB30BD39FA3B26 0.525957 0.470573 -0.481263 0.51992 0.140783 0.072526 -1.16236 0.98848 -24.7672 -39.0273 -1.84912 -2.61526 0.042511
01CB30BD3A016234 0.526533 0.468425 -0.481288 0.521251 0.148058 0.086989 -1.08409 0.98848 -24.4253 -38.7052 0.567875 3.83005 -0.360321
01CB30BD3A0626E8 0.528014 0.466068 -0.48233 0.520902 0.103201 0.048422 -1.06964 0.98848 -24.4253 -38.5978 -2.65478 0.204565 -0.763153
01CB30BD3A0AEB9C 0.527937 0.463847 -0.482634 0.522679 0.163818 0.101452 -1.13225 0.98848 -24.5393 -38.5978 0.165043 1.41306 -0.763153
01CB30BD3A2EAEE2 0.52434 0.468999 -0.479979 0.524144 0.035309 0.036369 -0.969693 0.98848 -24.5393 -39.1347 -2.25195 -2.61526 -0.359825
01CB30BD3A35D5F0 0.527553 0.47929 -0.47904 0.512337 0.015911 0.078553 -0.957652 0.98848 -24.5393 -38.9199 -1.04345 -0.601099 0.042632
01CB30BD3A38384A 0.527146 0.480018 -0.478878 0.512227 0.071679 -0.009429 -0.943202 0.98848 -24.1974 -38.9199 -1.44629 -2.21243 0.042632
01CB30BD3A41C1B2 0.525814 0.474826 -0.478892 0.518384 0.135934 0.019496 -0.896241 0.98848 -24.4253 -38.8126 1.77637 5.03855 -1.5687
01CB30BD3A44240C 0.526131 0.4766 -0.477973 0.517279 0.070467 0.008649 -0.99498 1.0947 -24.0835 -38.7052 2.1792 1.81589 -0.763032
01CB30BD3A4B4B1A 0.526179 0.474628 -0.477683 0.51931 0.055919 0.036369 -1.03592 0.98848 -24.3114 -39.0273 0.970707 3.02439 0.042632
01CB30BD3A500FCE 0.526272 0.47271 -0.478287 0.520408 0.109262 0.035164 -1.00943 0.98848 -24.3114 -38.9199 2.98487 -0.198267 -0.3602
01CB30BD3A500FCE 0.526272 0.47271 -0.478287 0.520408 0.109262 0.035164 -1.00943 0.98848 -24.3114 -38.9199 2.98487 -0.198267 -0.3602
01CB30BD3A599936 0.52718 0.477056 -0.478257 0.515529 0.082591 0.049627 -1.05037 1.0947 -24.6532 -39.1347 -1.44629 -3.82375 0.445464
01CB30BD3A5E5DEA 0.526034 0.474711 -0.479055 0.518113 0.133509 0.036369 -0.940794 0.98848 -24.3114 -38.7052 -0.237789 -0.198267 0.848296
01CB30BD3A63229E 0.524705 0.470758 -0.479968 0.522208 0.123811 0.019496 -1.11901 0.98848 -24.5393 -38.7052 0.567875 -1.8096 -0.763032
01CB30BD3A67E752 0.524011 0.466084 -0.480242 0.526826 0.208675 0.035164 -1.12262 1.0947 -24.7672 -39.0273 2.1792 3.02439 -0.763032
01CB30BD3A6F0E60 0.525488 0.464094 -0.480116 0.527227 0.132297 0.119531 -1.15754 1.0947 -24.6532 -38.9199 1.77637 1.01023 -0.763032
01CB30BD3A73D314 0.526662 0.465773 -0.479673 0.524973 0.105625 0.130378 -1.1756 1.0947 -24.8811 -38.9199 2.1792 1.41306 0.042632
01CB30BD3A7897C8 0.528301 0.467536 -0.479361 0.522036 0.059556 0.09181 -1.09974 1.20092 -24.9951 -39.1347 1.77637 -0.198267 -0.3602
01CB30BD3A7FBED6 0.528911 0.468773 -0.479187 0.520466 0.126235 0.079758 -1.16838 1.20092 -24.8811 -39.0273 2.1792 0.607397 0.042632
01CB30BD3A84838A 0.530367 0.470623 -0.478207 0.518211 0.098351 0.11471 -1.07204 1.30714 -24.8811 -38.9199 2.58203 3.02439 -0.3602
01CB30BD3A89483E 0.52989 0.470236 -0.47737 0.519819 0.10805 0.01106 -1.04917 1.20092 -24.8811 -38.5978 2.58203 1.41306 -1.16586
01CB30BD3A8E0CF2 0.529329 0.470885 -0.475715 0.521319 0.140783 -0.010635 -1.0889 1.41336 -24.9951 -38.5978 3.3877 3.02439 -1.16586
01CB30BD3A953400 0.529441 0.475477 -0.473345 0.51919 0.083803 0.014675 -1.02268 1.41336 -25.109 -38.4904 2.58203 0.607397 -1.16586
01CB30BD3A99F8B4 0.528239 0.479613 -0.471718 0.51809 0.074104 -0.019071 -1.11419 1.41336 -25.2229 -38.4904 2.1792 -1.40676 -0.3602
01CB30BD3A9EBD68 0.526571 0.478913 -0.47108 0.521008 0.116536 -0.033534 -0.981735 1.41336 -25.4508 -38.5978 0.567875 0.204565 -1.97153
01CB30BD3AA3821C 0.523487 0.481887 -0.468813 0.523413 0.126235 -0.082949 -1.10215 1.41336 -25.5648 -38.8126 4.99903 -1.00393 -0.763032
01CB30BD3AB1D038 0.519143 0.479349 -0.464836 0.533519 0.114112 -0.023892 -1.05398 1.51959 -25.6787 -38.383 6.20752 -0.601099 -0.763032
01CB30BD3ACE6C70 0.523304 0.479963 -0.464611 0.529082 0.126235 0.023112 -0.973306 1.73203 -26.3624 -38.0608 7.01319 2.62156 -1.5687
01CB30BD3AD0CECA 0.523788 0.479478 -0.464147 0.529447 0.111687 0.059269 -0.922732 1.73203 -26.7042 -37.7387 6.61036 4.23288 -0.3602
01CB30BD3AD7F5D8 0.523659 0.480146 -0.462898 0.53006 0.078954 0.001418 -0.837238 1.62581 -26.8182 -37.9535 5.80469 1.01023 -1.5687
01CB30BD3ADCBA8C 0.523403 0.483091 -0.461798 0.528598 0.08744 0.014675 -0.975714 1.73203 -26.7042 -37.6313 5.40186 -1.00393 -0.763032
01CB30BD3AE17F40 0.522197 0.484203 -0.460527 0.52988 0.103201 -0.075717 -0.809543 1.73203 -26.7042 -37.4165 2.98487 1.01023 -0.3602
01CB30BD3AE643F4 0.519812 0.48508 -0.458795 0.532917 0.106838 -0.055228 -0.93959 1.83825 -26.9321 -37.3091 4.59619 0.204565 -0.763032
01CB30BD3AEB08A8 0.517827 0.486477 -0.456173 0.535816 0.085015 -0.085359 -0.880587 1.83825 -27.16 -37.3091 5.40186 3.83005 -1.97153
01CB30BD3AF22FB6 0.516487 0.489661 -0.453826 0.536204 0.082591 -0.029918 -1.001 1.83825 -27.16 -36.987 4.99903 0.204565 0.042632
