01CB30BD2A67D0B0 446.459 8.91025 3.99943 7.95943 5 570749 0.497915 -1.41006 -53.5483 1.61931e-005 0.751437 29.7226 15 7511 
01CB30BD2A6FE700 446.772 8.91025 3.99943 7.95943 5 570749 0.497915 -1.41006 -54.2594 -0.00716983 1.3795 29.7226 15 7511 
01CB30BD2A782460 447.077 8.91025 3.99943 7.95943 5 570749 0.497915 -1.41006 -55.1942 -0.011859 1.63271 29.7226 15 7511 
01CB30BD2A8061C0 447.374 8.91025 3.99943 7.95943 5 570749 0.497915 -1.41006 -56.4734 -0.0159182 1.76245 29.7226 15 7511 
01CB30BD2A889F20 447.656 8.92231 4.00218 7.97154 5 570749 0.497915 -1.41006 -58.3351 -0.0237142 1.83738 29.7226 15 7511 
01CB30BD2A90DC80 447.925 8.94526 4.0074 7.9946 5 570749 0.497915 -1.41006 -61.2547 -0.0350192 1.88327 29.7226 15 7511 
01CB30BD2A98F2D0 448.187 8.96821 4.01263 8.01766 5 570749 0.497915 -1.41006 -66.4375 -0.0462579 1.91123 29.7226 15 7511 
01CB30BD2AA13030 448.443 8.99116 4.01786 8.04072 5 570749 0.497915 -1.41006 -78.18 -0.0574601 1.92762 29.7226 15 7511 
01CB30BD2AA96D90 448.692 8.99724 4.01925 8.04684 5 570749 0.497915 -1.41006 -130.444 -0.0639516 1.93732 29.7226 15 7511 
01CB30BD2AB1AAF0 448.935 8.99724 4.01925 8.04684 5 570749 0.497915 -1.41006 65.7885 -0.0687383 1.94182 29.7226 15 7511 
01CB30BD2AB9E850 449.173 8.99724 4.01925 8.04684 5 570750 0.497915 -1.41007 -14.1504 -0.0735161 1.94215 29.7226 15 7511 
01CB30BD2AC225B0 449.406 8.99724 4.01925 8.04684 5 570750 0.497915 -1.41007 -28.02 -0.0782864 1.93931 29.7226 15 7511 
01CB30BD2ACA3C00 449.638 8.99724 4.01925 8.04684 5 570750 0.497915 -1.41007 -33.7872 -0.0865999 1.93909 29.7226 15 7511 
01CB30BD2AD27960 449.865 8.99724 4.01925 8.04684 5 570750 0.497915 -1.41007 -36.9436 -0.0950436 1.93709 29.7226 15 7511 
01CB30BD2ADAB6C0 450.088 8.99724 4.01925 8.04684 5 570750 0.497915 -1.41007 -38.9338 -0.103482 1.93352 29.7226 15 7511 
01CB30BD2AE2F420 450.305 8.99724 4.01925 8.04684 5 570750 0.497915 -1.41007 -40.2995 -0.111911 1.92859 29.7226 15 7511 
01CB30BD2AEB3180 450.506 8.99724 4.01925 8.04684 5 570750 0.497915 -1.41007 -41.281 -0.120317 1.9223 29.7226 15 7511 
01CB30BD2AF347D0 450.704 8.99724 4.01925 8.04684 5 570750 0.497915 -1.41007 -42.0244 -0.12872 1.91512 29.7226 15 7511 
01CB30BD2AFB8530 450.899 8.99724 4.01925 8.04684 5 570750 0.497915 -1.41007 -42.6056 -0.13712 1.90719 29.7226 15 7511 
01CB30BD2B03C290 451.093 8.99724 4.01925 8.04684 5 570750 0.497915 -1.41007 -43.0728 -0.147215 1.89865 29.7226 15 7511 
01CB30BD2B0BFFF0 451.307 8.99724 4.01925 8.04684 5 570750 0.497915 -1.41007 -43.4675 -0.169546 1.88978 29.7226 15 7511 
01CB30BD2B143D50 451.517 8.99724 4.01925 8.04684 5 570750 0.497915 -1.41007 -43.7975 -0.191874 1.88044 29.7226 15 7511 
01CB30BD2B1C7AB0 451.725 8.99724 4.01925 8.04684 5 570750 0.497915 -1.41007 -44.0772 -0.214199 1.87069 29.7226 15 7511 
01CB30BD2B249100 451.909 8.99724 4.01925 8.04684 5 570750 0.497915 -1.41007 -44.304 -0.219472 1.86167 29.7226 15 7511 
01CB30BD2B2CCE60 452.088 8.99724 4.01925 8.04684 5 570750 0.497915 -1.41007 -44.4981 -0.223741 1.8524 29.7226 15 7511 
01CB30BD2B350BC0 452.265 8.99724 4.01925 8.04684 5 570750 0.497915 -1.41007 -44.666 -0.22801 1.84285 29.7226 15 7511 
01CB30BD2B3D4920 452.437 8.99724 4.01925 8.04684 5 570750 0.497915 -1.41007 -44.8137 -0.234531 1.83283 29.7226 15 7511 
01CB30BD2B458680 452.597 8.99724 4.01925 8.04684 5 570750 0.497915 -1.41007 -44.9506 -0.253432 1.82142 29.7226 15 7511 
01CB30BD2B4D9CD0 452.754 8.99724 4.01925 8.04684 5 570751 0.497915 -1.41007 -45.0722 -0.272331 1.80982 29.7226 15 7511 
01CB30BD2B55DA30 452.91 8.99724 4.01925 8.04684 5 570751 0.497915 -1.41007 -45.1806 -0.29123 1.79803 29.7226 15 7511 
01CB30BD2B5E1790 453.063 8.99724 4.01925 8.04684 5 570751 0.497915 -1.41007 -45.2776 -0.309631 1.78565 29.7226 15 7511 
01CB30BD2B6654F0 453.22 8.99724 4.01925 8.04684 5 570751 0.497915 -1.41007 -45.3625 -0.323716 1.7694 29.7226 15 7511 
01CB30BD2B6E9250 453.375 8.99724 4.01925 8.04684 5 570751 0.497915 -1.41008 -45.4388 -0.337801 1.75301 29.7226 15 7511 
01CB30BD2B76CFB0 453.528 8.99724 4.01925 8.04684 5 570751 0.497915 -1.41008 -45.5077 -0.351885 1.7365 29.7226 15 7511 
01CB30BD2B7EE600 453.671 8.99724 4.01925 8.04684 5 570751 0.497915 -1.41008 -45.5718 -0.371599 1.71951 29.7226 15 7511 
01CB30BD2B872360 453.807 8.99724 4.01925 8.04684 5 570751 0.497915 -1.41008 -45.6311 -0.39491 1.70218 29.7226 15 7511 
01CB30BD2B8F60C0 453.942 8.99724 4.01925 8.04684 5 570751 0.497915 -1.41008 -45.6852 -0.418221 1.68477 29.7226 15 7511 
01CB30BD2B979E20 454.076 8.99724 4.01925 8.04684 5 570751 0.497915 -1.41008 -45.7346 -0.441532 1.66726 29.7226 15 7511 
01CB30BD2B9FDB80 454.213 9.05385 4.04209 8.09875 5 570751 0.497915 -1.41008 -45.7836 -0.453854 1.65131 29.7226 15 7511 
01CB30BD2BA7F1D0 454.349 9.12138 4.06935 8.16068 5 570751 0.497915 -1.41008 -45.8297 -0.464055 1.63561 29.7226 15 7511 
01CB30BD2BB02F30 454.484 9.18891 4.09661 8.22262 5 570751 0.497915 -1.41008 -45.8723 -0.474255 1.61984 29.7226 15 7511 
01CB30BD2BB86C90 454.612 9.23189 4.11395 8.26203 5 570751 0.497915 -1.41008 -45.9086 -0.491014 1.60277 29.7226 15 7511 
01CB30BD2BC0A9F0 454.727 9.23189 4.11395 8.26203 5 570751 0.497915 -1.41008 -45.9367 -0.519252 1.58349 29.7226 15 7511 
01CB30BD2BC8E750 454.842 9.23189 4.11395 8.26203 5 570751 0.497915 -1.41008 -45.9621 -0.54749 1.56415 29.7226 15 7511 
01CB30BD2BD124B0 454.955 9.23189 4.11395 8.26203 5 570751 0.497915 -1.41008 -45.9852 -0.575727 1.54477 29.7226 15 7511 
01CB30BD2BD93B00 455.074 9.23189 4.11395 8.26203 5 570751 0.497915 -1.41008 -46.0121 -0.601555 1.52183 29.7226 15 7511 
01CB30BD2BE17860 455.197 9.23189 4.11395 8.26203 5 570752 0.497915 -1.41008 -46.0414 -0.625587 1.49623 29.7226 15 7511 
01CB30BD2BE9B5C0 455.319 9.23189 4.11395 8.26203 5 570752 0.497915 -1.41008 -46.0688 -0.64962 1.4706 29.7226 15 7511 
01CB30BD2BF1F320 455.42 9.26964 4.1292 8.29665 5 570752 0.497915 -1.41008 -46.0989 -0.666095 1.44569 29.7226 15 7511 
01CB30BD2BFA3080 455.511 9.32561 4.1518 8.34797 5 570752 0.497915 -1.41008 -46.1295 -0.678923 1.42113 29.7226 15 7511 
01CB30BD2C0246D0 455.601 9.38157 4.17441 8.39929 5 570752 0.497915 -1.41008 -46.1586 -0.691751 1.39653 29.7226 15 7511 
01CB30BD2C0A8430 455.69 9.43754 4.19701 8.45061 5 570752 0.497915 -1.41008 -46.1864 -0.704579 1.37189 29.7226 15 7511 
01CB30BD2C12C190 455.768 9.443 4.19921 8.45562 5 570752 0.497915 -1.41008 -46.1938 -0.72743 1.35232 29.7226 15 7511 
01CB30BD2C1AFEF0 455.845 9.443 4.19921 8.45562 5 570752 0.497915 -1.41008 -46.1979 -0.751362 1.33326 29.7226 15 7511 
01CB30BD2C233C50 455.92 9.443 4.19921 8.45562 5 570752 0.497915 -1.41009 -46.2009 -0.775294 1.31418 29.7226 15 7511 
01CB30BD2C2B79B0 455.994 9.443 4.19921 8.45562 5 570752 0.497915 -1.41009 -46.203 -0.799227 1.29506 29.7226 15 7511 
01CB30BD2C339000 456.07 9.443 4.19921 8.45562 5 570752 0.497915 -1.41009 -46.21 -0.820849 1.27272 29.7226 15 7511 
01CB30BD2C3BCD60 456.152 9.443 4.19921 8.45562 5 570752 0.497915 -1.41009 -46.2336 -0.835803 1.24109 29.7226 15 7511 
01CB30BD2C440AC0 456.234 9.443 4.19921 8.45562 5 570752 0.497915 -1.41009 -46.2562 -0.850757 1.20946 29.7226 15 7511 
01CB30BD2C4C4820 456.312 9.443 4.19921 8.45562 5 570752 0.497915 -1.41009 -46.278 -0.862045 1.18096 29.7226 15 7511 
01CB30BD2C548580 456.385 9.443 4.19921 8.45562 5 570752 0.497915 -1.41009 -46.2986 -0.866779 1.15811 29.7226 15 7511 
01CB30BD2C5C9BD0 456.457 9.443 4.19921 8.45562 5 570752 0.497915 -1.41009 -46.3186 -0.871512 1.13524 29.7226 15 7511 
01CB30BD2C64D930 456.529 9.443 4.19921 8.45562 5 570752 0.497915 -1.41009 -46.3379 -0.876246 1.11235 29.7226 15 7511 
01CB30BD2C6D1690 456.6 9.17091 4.10777 8.19746 5 570752 0.497915 -1.41009 -46.3436 -0.902427 1.08924 29.7226 15 7511 
01CB30BD2C7553F0 456.67 8.85654 4.00211 7.89917 5 570752 0.497915 -1.41009 -46.3468 -0.931942 1.06608 29.7226 15 7511 
01CB30BD2C7D9150 456.74 8.54216 3.89645 7.60088 5 570753 0.497915 -1.41009 -46.3494 -0.961457 1.0429 29.7226 15 7511 
01CB30BD2C85CEB0 456.809 8.2572 3.80068 7.3305 5 570753 0.497915 -1.41009 -46.3528 -0.988988 1.01949 29.7226 15 7511 
01CB30BD2C8DE500 456.872 8.2572 3.80068 7.3305 5 570753 0.497915 -1.41009 -46.3692 -0.997302 0.993998 29.7226 15 7511 
01CB30BD2C962260 456.934 8.2572 3.80068 7.3305 5 570753 0.497915 -1.41009 -46.3852 -1.00562 0.968492 29.7226 15 7511 
01CB30BD2C9E5FC0 456.996 8.2572 3.80068 7.3305 5 570753 0.497915 -1.41009 -46.4007 -1.01393 0.942973 29.7226 15 7511 
01CB30BD2CA69D20 457.05 8.27051 3.80646 7.34249 5 570753 0.497915 -1.41009 -46.415 -1.02027 0.918883 29.7226 15 7511 
01CB30BD2CAEDA80 457.087 8.31188 3.82443 7.37977 5 570753 0.497915 -1.41009 -46.4274 -1.02244 0.897821 29.7226 15 7511 
01CB30BD2CB6F0D0 457.123 8.35326 3.84241 7.41705 5 570753 0.497915 -1.41009 -46.4394 -1.02461 0.876746 29.7226 15 7511 
01CB30BD2CBF2E30 457.159 8.39463 3.86038 7.45433 5 570753 0.497914 -1.41009 -46.451 -1.02678 0.855658 29.7226 15 7511 
01CB30BD2CC76B90 457.195 8.436 3.87836 7.49161 5 570753 0.497914 -1.41009 -46.4623 -1.02895 0.834559 29.7226 15 7511 
01CB30BD2CCFA8F0 457.226 8.44939 3.88418 7.50368 5 570753 0.497914 -1.41009 -46.4652 -1.04413 0.803858 29.7226 15 7511 
01CB30BD2CD7E650 457.256 8.44939 3.88418 7.50368 5 570753 0.497914 -1.4101 -46.4641 -1.06553 0.768564 29.7226 15 7511 
01CB30BD2CE023B0 457.285 8.44939 3.88418 7.50368 5 570753 0.497914 -1.4101 -46.4626 -1.08694 0.733269 29.7226 15 7511 
01CB30BD2CE83A00 457.309 8.50573 3.90162 7.55789 5 570753 0.497914 -1.4101 -46.48 -1.09163 0.701929 29.7226 15 7511 
01CB30BD2CF07760 457.331 8.57817 3.92404 7.62758 5 570753 0.497914 -1.4101 -46.5027 -1.09155 0.671716 29.7226 15 7511 
01CB30BD2CF8B4C0 457.353 8.6506 3.94646 7.69728 5 570753 0.497914 -1.4101 -46.5251 -1.09146 0.641499 29.7226 15 7511 
01CB30BD2D00F220 457.379 8.70371 3.95644 7.74889 5 570753 0.497914 -1.4101 -46.5437 -1.09211 0.610306 29.7226 15 7511 
01CB30BD2D092F80 457.416 8.70824 3.93513 7.75503 5 570753 0.497914 -1.4101 -46.5533 -1.09459 0.576663 29.7226 15 7511 
01CB30BD2D1145D0 457.453 8.71276 3.91383 7.76117 5 570754 0.497914 -1.4101 -46.5626 -1.09707 0.543021 29.7226 15 7511 
01CB30BD2D198330 457.489 8.71729 3.89252 7.76731 5 570754 0.497914 -1.4101 -46.5717 -1.09955 0.509381 29.7226 15 7511 
01CB30BD2D21C090 457.522 8.72158 3.88214 7.77314 5 570754 0.497914 -1.4101 -46.5847 -1.10047 0.475905 29.7226 15 7511 
01CB30BD2D29FDF0 457.551 8.72565 3.88214 7.77866 5 570754 0.497914 -1.4101 -46.6017 -1.09992 0.442584 29.7226 15 7511 
01CB30BD2D323B50 457.579 8.72972 3.88214 7.78419 5 570754 0.497914 -1.4101 -46.6183 -1.09936 0.409269 29.7226 15 7511 
01CB30BD2D3A78B0 457.607 8.73379 3.88214 7.78971 5 570754 0.497914 -1.4101 -46.6348 -1.0988 0.37596 29.7226 15 7511 
01CB30BD2D428F00 457.613 8.77063 3.89467 7.82536 5 570754 0.497914 -1.4101 -46.6454 -1.09974 0.347466 29.7226 15 7511 
01CB30BD2D4ACC60 457.61 8.81893 3.91157 7.87156 5 570754 0.497914 -1.4101 -46.6536 -1.10121 0.320657 29.7226 15 7511 
01CB30BD2D5309C0 457.608 8.86724 3.92848 7.91776 5 570754 0.497914 -1.4101 -46.6618 -1.10267 0.293852 29.7226 15 7511 
01CB30BD2D5B4720 457.604 8.91554 3.94538 7.96396 5 570754 0.497914 -1.4101 -46.6697 -1.10413 0.267052 29.7226 15 7511 
01CB30BD2D638480 457.597 8.96325 3.9629 8.00922 5 570754 0.497914 -1.4101 -46.6789 -1.10522 0.238496 29.7226 15 7511 
01CB30BD2D6B9AD0 457.556 9.0053 3.98619 8.04562 5 570754 0.497914 -1.4101 -46.7009 -1.10273 0.19326 29.7226 15 7511 
01CB30BD2D73D830 457.515 9.04734 4.00949 8.08203 5 570754 0.497914 -1.4101 -46.7228 -1.10025 0.148109 29.7226 15 7511 
01CB30BD2D7C1590 457.473 9.08111 4.02819 8.11126 5 570754 0.497914 -1.41011 -46.7454 -1.09668 0.103789 29.7226 15 7511 
01CB30BD2D8452F0 457.427 9.08111 4.02819 8.11126 5 570754 0.497914 -1.41011 -46.7717 -1.08873 0.0625514 29.7226 15 7511 
01CB30BD2D8C9050 457.38 9.08111 4.02819 8.11126 5 570754 0.497914 -1.41011 -46.7978 -1.08078 0.0220581 29.7226 15 7511 
01CB30BD2D94CDB0 457.334 9.08111 4.02819 8.11126 5 570754 0.497914 -1.41011 -46.8237 -1.07283 -0.0253185 29.7226 15 7511 
01CB30BD2D9CE400 457.284 9.08111 4.02819 8.11126 5 570754 0.497914 -1.41011 -46.8374 -1.07297 -0.0687347 29.7226 15 7511 
01CB30BD2DA52160 457.232 9.08111 4.02819 8.11126 5 570754 0.497914 -1.41011 -46.8459 -1.0765 -0.110956 29.7226 15 7511 
01CB30BD2DAD5EC0 457.179 9.08111 4.02819 8.11126 5 570755 0.497914 -1.41011 -46.8543 -1.08004 -0.153051 29.7226 15 7511 
01CB30BD2DB59C20 457.127 9.08111 4.02819 8.11126 5 570755 0.497914 -1.41011 -46.8626 -1.08358 -0.195134 29.7226 15 7511 
01CB30BD2DBDD980 457.072 9.12795 4.04399 8.15633 5 570755 0.497914 -1.41011 -46.8635 -1.07873 -0.236985 29.7226 15 7511 
01CB30BD2DC5EFD0 457.018 9.17823 4.06094 8.2047 5 570755 0.497914 -1.41011 -46.8639 -1.07326 -0.278921 29.7226 15 7511 
01CB30BD2DCE2D30 456.963 9.2285 4.07789 8.25306 5 570755 0.497914 -1.41011 -46.8641 -1.0678 -0.321002 29.7226 15 7511 
01CB30BD2DD66A90 456.907 9.27074 4.09213 8.2937 5 570755 0.497914 -1.41011 -46.8694 -1.0633 -0.363363 29.7226 15 7511 
01CB30BD2DDEA7F0 456.842 9.27074 4.09213 8.2937 5 570755 0.497914 -1.41011 -46.9016 -1.06386 -0.406437 29.7226 15 7511 
01CB30BD2DE6E550 456.778 9.27074 4.09213 8.2937 5 570755 0.497914 -1.41011 -46.9338 -1.06442 -0.449782 29.7226 15 7511 
01CB30BD2DEF22B0 456.713 9.27074 4.09213 8.2937 5 570755 0.497914 -1.41011 -46.9659 -1.06499 -0.493453 29.7226 15 7511 
01CB30BD2DF73900 456.644 9.22976 4.07055 8.26121 5 570755 0.497914 -1.41011 -46.9912 -1.06062 -0.537441 29.7226 15 7511 
01CB30BD2DFF7660 456.57 9.12412 4.01492 8.17746 5 570755 0.497914 -1.41011 -47.0059 -1.04848 -0.581785 29.7226 15 7511 
01CB30BD2E07B3C0 456.495 9.01848 3.95929 8.0937 5 570755 0.497914 -1.41011 -47.0206 -1.03635 -0.626704 29.7226 15 7511 
01CB30BD2E0FF120 456.419 8.91285 3.90366 8.00995 5 570755 0.497914 -1.41011 -47.0351 -1.02421 -0.672326 29.7226 15 7511 
01CB30BD2E182E80 456.337 8.76376 3.86798 7.86354 5 570755 0.497914 -1.41011 -47.0412 -1.01607 -0.718277 29.7226 15 7511 
01CB30BD2E2044D0 456.25 8.58759 3.84475 7.67807 5 570755 0.497914 -1.41011 -47.042 -1.01042 -0.764996 29.7226 15 7511 
01CB30BD2E288230 456.164 8.41141 3.82151 7.49259 5 570755 0.497914 -1.41011 -47.0428 -1.00478 -0.813137 29.7226 15 7511 
01CB30BD2E30BF90 456.078 8.25687 3.80113 7.32989 5 570755 0.497914 -1.41012 -47.0465 -1.00109 -0.862254 29.7226 15 7511 
01CB30BD2E38FCF0 455.999 8.25687 3.80113 7.32989 5 570755 0.497914 -1.41012 -47.0718 -1.01138 -0.907583 29.7226 15 7511 
01CB30BD2E413A50 455.921 8.25687 3.80113 7.32989 5 570756 0.497914 -1.41012 -47.097 -1.02167 -0.956652 29.7226 15 7511 
01CB30BD2E4977B0 455.842 8.25687 3.80113 7.32989 5 570756 0.497914 -1.41012 -47.1222 -1.03196 -1.01123 29.7226 15 7511 
01CB30BD2E518E00 455.761 8.25687 3.80113 7.32989 5 570756 0.497914 -1.41012 -47.1487 -1.03104 -1.07417 29.7226 15 7511 
01CB30BD2E59CB60 455.679 8.25687 3.80113 7.32989 5 570756 0.497914 -1.41012 -47.1776 -1.00938 -1.15125 29.7226 15 7511 
01CB30BD2E6208C0 455.595 8.25687 3.80113 7.32989 5 570756 0.497914 -1.41012 -47.2064 -0.987727 -1.25604 29.7226 15 7511 
01CB30BD2E6A4620 455.512 8.25687 3.80113 7.32989 5 570756 0.497914 -1.41012 -47.2352 -0.966073 -1.42411 29.7226 15 7511 
01CB30BD2E728380 455.433 8.25687 3.80113 7.32989 5 570756 0.497914 -1.41012 -47.2506 -0.962406 -1.79569 29.7226 15 7511 
01CB30BD2E7A99D0 455.357 8.25687 3.80113 7.32989 5 570756 0.497914 -1.41012 -47.2564 -0.971822 -4.37547 29.7226 15 7511 
01CB30BD2E82D730 455.281 8.25687 3.80113 7.32989 5 570756 0.497914 -1.41012 -47.2621 -0.981238 0.483697 29.7226 15 7511 
01CB30BD2E8B1490 455.204 8.25687 3.80113 7.32989 5 570756 0.497914 -1.41012 -47.2678 -0.990654 -0.442782 29.7226 15 7511 
01CB30BD2E9351F0 455.112 8.25687 3.80113 7.32989 5 570756 0.497914 -1.41012 -47.2888 -0.982364 -0.702853 29.7226 15 7511 
01CB30BD2E9B8F50 455.015 8.25687 3.80113 7.32989 5 570756 0.497914 -1.41012 -47.3135 -0.96984 -0.83952 29.7226 15 7511 
01CB30BD2EA3CCB0 454.919 8.25687 3.80113 7.32989 5 570756 0.497914 -1.41012 -47.3381 -0.957316 -0.931266 29.7226 15 7511 
01CB30BD2EABE300 454.822 8.25687 3.80113 7.32989 5 570756 0.497914 -1.41012 -47.3616 -0.945471 -1.0018 29.7226 15 7511 
01CB30BD2EB42060 454.715 8.25687 3.80113 7.32989 5 570756 0.497914 -1.41012 -47.3556 -0.952282 -1.06011 29.7226 15 7511 
01CB30BD2EBC5DC0 454.609 8.25687 3.80113 7.32989 5 570756 0.497914 -1.41012 -47.3496 -0.959092 -1.11131 29.7226 15 7511 
01CB30BD2EC49B20 454.502 8.25687 3.80113 7.32989 5 570756 0.497914 -1.41012 -47.3435 -0.965903 -1.15786 29.7226 15 7511 
01CB30BD2ECCD880 454.399 8.25687 3.80113 7.32989 5 570756 0.497914 -1.41012 -47.3583 -0.961994 -1.19859 29.7226 15 7511 
01CB30BD2ED4EED0 454.299 8.25687 3.80113 7.32989 5 570756 0.497914 -1.41012 -47.3907 -0.949023 -1.23482 29.7226 15 7511 
01CB30BD2EDD2C30 454.199 8.25687 3.80113 7.32989 5 570757 0.497914 -1.41012 -47.4231 -0.936051 -1.26934 29.7226 15 7511 
01CB30BD2EE56990 454.099 8.25687 3.80113 7.32989 5 570757 0.497914 -1.41012 -47.4555 -0.92308 -1.30255 29.7226 15 7511 
01CB30BD2EEDA6F0 453.993 8.25687 3.80113 7.32989 5 570757 0.497914 -1.41013 -47.4777 -0.92183 -1.33655 29.7226 15 7511 
01CB30BD2EF5E450 453.885 8.25687 3.80113 7.32989 5 570757 0.497914 -1.41013 -47.4969 -0.924083 -1.37026 29.7226 15 7511 
01CB30BD2EFE21B0 453.777 8.25687 3.80113 7.32989 5 570757 0.497914 -1.41013 -47.516 -0.926336 -1.4033 29.7226 15 7511 
01CB30BD2F063800 453.669 8.25687 3.80113 7.32989 5 570757 0.497914 -1.41013 -47.5351 -0.928588 -1.4358 29.7226 15 7511 
01CB30BD2F0E7560 453.558 8.25687 3.80113 7.32989 5 570757 0.497914 -1.41013 -47.555 -0.920579 -1.46638 29.7226 15 7511 
01CB30BD2F16B2C0 453.447 8.25687 3.80113 7.32989 5 570757 0.497914 -1.41013 -47.5749 -0.912549 -1.49657 29.7226 15 7511 
01CB30BD2F1EF020 453.336 8.25687 3.80113 7.32989 5 570757 0.497914 -1.41013 -47.5948 -0.904519 -1.52645 29.7226 15 7511 
01CB30BD2F272D80 453.223 8.25687 3.80113 7.32989 5 570757 0.497914 -1.41013 -47.6165 -0.898287 -1.55608 29.7226 15 7511 
01CB30BD2F2F43D0 453.105 8.25687 3.80113 7.32989 5 570757 0.497914 -1.41013 -47.6442 -0.898206 -1.58559 29.7226 15 7511 
01CB30BD2F378130 452.987 8.25687 3.80113 7.32989 5 570757 0.497914 -1.41013 -47.6719 -0.898126 -1.6149 29.7226 15 7511 
01CB30BD2F3FBE90 452.869 8.25687 3.80113 7.32989 5 570757 0.497914 -1.41013 -47.6995 -0.898046 -1.64403 29.7226 15 7511 
01CB30BD2F47FBF0 452.744 8.25687 3.80113 7.32989 5 570757 0.497914 -1.41013 -47.7217 -0.89956 -1.67402 29.7226 15 7511 
01CB30BD2F503950 452.61 8.25687 3.80113 7.32989 5 570757 0.497914 -1.41013 -47.7374 -0.902991 -1.70511 29.7226 15 7511 
01CB30BD2F5876B0 452.475 8.25687 3.80113 7.32989 5 570757 0.497914 -1.41013 -47.7531 -0.906422 -1.73607 29.7226 15 7511 
01CB30BD2F608D00 452.341 8.25687 3.80113 7.32989 5 570757 0.497914 -1.41013 -47.7688 -0.909852 -1.76692 29.7226 15 7511 
01CB30BD2F68CA60 452.213 8.25687 3.80113 7.32989 5 570757 0.497914 -1.41013 -47.7977 -0.907395 -1.79517 29.7226 15 7511 
01CB30BD2F7107C0 452.085 8.25687 3.80113 7.32989 5 570758 0.497914 -1.41013 -47.8271 -0.904699 -1.82322 29.7226 15 7511 
01CB30BD2F794520 451.956 8.25687 3.80113 7.32989 5 570758 0.497914 -1.41013 -47.8566 -0.902003 -1.85119 29.7226 15 7511 
01CB30BD2F818280 451.826 8.25687 3.80113 7.32989 5 570758 0.497914 -1.41013 -47.8845 -0.899514 -1.87936 29.7226 15 7511 
01CB30BD2F8998D0 451.69 8.25687 3.80113 7.32989 5 570758 0.497914 -1.41013 -47.9061 -0.897913 -1.90866 29.7226 15 7511 
01CB30BD2F91D630 451.554 8.25687 3.80113 7.32989 5 570758 0.497914 -1.41013 -47.9277 -0.896313 -1.93789 29.7226 15 7511 
01CB30BD2F9A1390 451.418 8.25687 3.80113 7.32989 5 570758 0.497914 -1.41013 -47.9493 -0.894713 -1.96707 29.7226 15 7511 
01CB30BD2FA250F0 451.28 8.25687 3.80113 7.32989 5 570758 0.497914 -1.41014 -47.9665 -0.893388 -1.99559 29.7226 15 7511 
01CB30BD2FAA8E50 451.139 8.25687 3.80113 7.32989 5 570758 0.497914 -1.41014 -47.9775 -0.892445 -2.02319 29.7226 15 7511 
01CB30BD2FB2CBB0 450.999 8.25687 3.80113 7.32989 5 570758 0.497914 -1.41014 -47.9886 -0.891503 -2.05075 29.7226 15 7511 
01CB30BD2FBAE200 450.858 8.25687 3.80113 7.32989 5 570758 0.497914 -1.41014 -47.9996 -0.890561 -2.07827 29.7226 15 7511 
01CB30BD2FC31F60 450.717 8.25687 3.80113 7.32989 5 570758 0.497914 -1.41014 -48.0249 -0.897511 -2.1036 29.7226 15 7511 
01CB30BD2FCB5CC0 450.576 8.25687 3.80113 7.32989 5 570758 0.497914 -1.41014 -48.0581 -0.9088 -2.12773 29.7226 15 7511 
01CB30BD2FD39A20 450.435 8.25687 3.80113 7.32989 5 570758 0.497914 -1.41014 -48.0912 -0.92009 -2.15183 29.7226 15 7511 
01CB30BD2FDBD780 450.293 8.25687 3.80113 7.32989 5 570758 0.497914 -1.41014 -48.1244 -0.93138 -2.17589 29.7226 15 7511 
01CB30BD2FE414E0 450.145 8.25687 3.80113 7.32989 5 570758 0.497914 -1.41014 -48.1483 -0.921736 -2.19675 29.7226 15 7511 
01CB30BD2FEC2B30 449.995 8.25687 3.80113 7.32989 5 570758 0.497914 -1.41014 -48.1708 -0.909055 -2.21712 29.7226 15 7511 
01CB30BD2FF46890 449.845 8.25687 3.80113 7.32989 5 570758 0.497914 -1.41014 -48.1932 -0.896374 -2.23747 29.7226 15 7511 
01CB30BD2FFCA5F0 449.701 8.25687 3.80113 7.32989 5 570758 0.497914 -1.41014 -48.2153 -0.893913 -2.25524 29.7226 15 7511 
01CB30BD3004E350 449.568 8.25687 3.80113 7.32989 5 570758 0.497914 -1.41014 -48.2368 -0.908121 -2.26881 29.7226 15 7511 
01CB30BD300D20B0 449.434 8.25687 3.80113 7.32989 5 570759 0.497914 -1.41014 -48.2583 -0.922329 -2.28237 29.7226 15 7511 
01CB30BD30153700 449.301 8.25687 3.80113 7.32989 5 570759 0.497914 -1.41014 -48.2797 -0.936537 -2.29591 29.7226 15 7511 
01CB30BD301D7460 449.173 8.25687 3.80113 7.32989 5 570759 0.497914 -1.41014 -48.3178 -0.945823 -2.30523 29.7226 15 7511 
01CB30BD3025B1C0 449.048 8.25687 3.80113 7.32989 5 570759 0.497914 -1.41014 -48.3665 -0.951938 -2.31181 29.7226 15 7511 
01CB30BD302DEF20 448.922 8.25687 3.80113 7.32989 5 570759 0.497914 -1.41014 -48.4151 -0.958053 -2.31838 29.7226 15 7511 
01CB30BD30362C80 448.797 8.25687 3.80113 7.32989 5 570759 0.497914 -1.41014 -48.4638 -0.964168 -2.32493 29.7226 15 7511 
01CB30BD303E69E0 448.678 8.25687 3.80113 7.32989 5 570759 0.497914 -1.41014 -48.4798 -0.966604 -2.32666 29.7226 15 7511 
01CB30BD30468030 448.56 8.25687 3.80113 7.32989 5 570759 0.497914 -1.41014 -48.4894 -0.96832 -2.32743 29.7226 15 7511 
01CB30BD304EBD90 448.442 8.25687 3.80113 7.32989 5 570759 0.497914 -1.41015 -48.499 -0.970035 -2.32818 29.7226 15 7511 
01CB30BD3056FAF0 448.325 8.25686 3.80113 7.32988 5 570759 0.497914 -1.41015 -48.5088 -0.972404 -2.32848 29.7226 15 7511 
01CB30BD305F3850 448.219 8.25673 3.80115 7.32965 5 570759 0.497914 -1.41015 -48.5237 -0.984276 -2.32211 29.7226 15 7511 
01CB30BD306775B0 448.112 8.25661 3.80116 7.32942 5 570759 0.497913 -1.41015 -48.5385 -0.996147 -2.31574 29.7226 15 7511 
01CB30BD306F8C00 448.005 8.25648 3.80118 7.32919 5 570759 0.497913 -1.41015 -48.5533 -1.00802 -2.30935 29.7226 15 7511 
01CB30BD3077C960 447.894 8.25639 3.80119 7.32903 5 570759 0.497913 -1.41015 -48.578 -1.01672 -2.30463 29.7226 15 7511 
01CB30BD308006C0 447.769 8.25639 3.80119 7.32903 5 570759 0.497913 -1.41015 -48.6264 -1.01774 -2.30391 29.7226 15 7511 
01CB30BD30884420 447.645 8.25639 3.80119 7.32903 5 570759 0.497913 -1.41015 -48.6747 -1.01877 -2.30318 29.7226 15 7511 
01CB30BD30908180 447.521 8.25639 3.80119 7.32903 5 570759 0.497913 -1.41015 -48.7231 -1.0198 -2.30245 29.7226 15 7511 
01CB30BD3098BEE0 447.408 8.25639 3.80119 7.32903 5 570759 0.497913 -1.41015 -48.732 -1.03109 -2.29939 29.7226 15 7511 
01CB30BD30A0D530 447.299 8.25639 3.80119 7.32903 5 570759 0.497913 -1.41015 -48.7309 -1.04496 -2.29574 29.7226 15 7511 
01CB30BD30A91290 447.189 8.25639 3.80119 7.32903 5 570760 0.497913 -1.41015 -48.7298 -1.05883 -2.29208 29.7226 15 7511 
01CB30BD30B14FF0 447.079 8.25639 3.80119 7.32903 5 570760 0.497913 -1.41015 -48.7296 -1.07217 -2.28841 29.7226 15 7511 
01CB30BD30B98D50 446.973 8.25639 3.80119 7.32903 5 570760 0.497913 -1.41015 -48.7591 -1.06647 -2.28432 29.7226 15 7511 
01CB30BD30C1CAB0 446.867 8.25639 3.80119 7.32903 5 570760 0.497913 -1.41015 -48.7885 -1.06076 -2.28022 29.7226 15 7511 
01CB30BD30C9E100 446.76 8.25639 3.80119 7.32903 5 570760 0.497913 -1.41015 -48.818 -1.05506 -2.27612 29.7226 15 7511 
01CB30BD30D21E60 446.654 8.25639 3.80119 7.32903 5 570760 0.497913 -1.41015 -48.8427 -1.05255 -2.27238 29.7226 15 7511 
01CB30BD30DA5BC0 446.546 8.25639 3.80119 7.32903 5 570760 0.497913 -1.41015 -48.8535 -1.05936 -2.26973 29.7226 15 7511 
01CB30BD30E29920 446.438 8.25639 3.80119 7.32903 5 570760 0.497913 -1.41015 -48.8644 -1.06618 -2.26706 29.7226 15 7511 
01CB30BD30EAD680 446.329 8.25639 3.80119 7.32903 5 570760 0.497913 -1.41015 -48.8753 -1.07299 -2.2644 29.7226 15 7511 
01CB30BD30F313E0 446.224 8.25639 3.80119 7.32903 5 570760 0.497913 -1.41015 -48.8877 -1.08277 -2.25994 29.7226 15 7511 
01CB30BD30FB2A30 446.122 8.25639 3.80119 7.32903 5 570760 0.497913 -1.41015 -48.902 -1.09571 -2.25356 29.7226 15 7511 
01CB30BD31036790 446.02 8.25639 3.80119 7.32903 5 570760 0.497913 -1.41016 -48.9162 -1.10865 -2.24718 29.7226 15 7511 
01CB30BD310BA4F0 445.918 8.25639 3.80119 7.32903 5 570760 0.497913 -1.41016 -48.9305 -1.12159 -2.24079 29.7226 15 7511 
01CB30BD3113E250 445.807 8.25639 3.80119 7.32903 5 570760 0.497913 -1.41016 -48.9469 -1.12289 -2.23621 29.7226 15 7511 
01CB30BD311C1FB0 445.693 8.25639 3.80119 7.32903 5 570760 0.497913 -1.41016 -48.9643 -1.11948 -2.23237 29.7226 15 7511 
01CB30BD31243600 445.579 8.25639 3.80119 7.32903 5 570760 0.497913 -1.41016 -48.9816 -1.11607 -2.22852 29.7226 15 7511 
01CB30BD312C7360 445.466 8.26747 3.80603 7.33901 5 570760 0.497913 -1.41016 -48.9979 -1.11493 -2.22528 29.7226 15 7511 
01CB30BD3134B0C0 445.357 8.31826 3.82818 7.38474 5 570760 0.497913 -1.41016 -49.0106 -1.12195 -2.22423 29.7226 15 7511 
01CB30BD313CEE20 445.248 8.36905 3.85033 7.43047 5 570761 0.497913 -1.41016 -49.0233 -1.12897 -2.22318 29.7226 15 7511 
01CB30BD31452B80 445.139 8.41984 3.87248 7.47619 5 570761 0.497913 -1.41016 -49.036 -1.13599 -2.22212 29.7226 15 7511 
01CB30BD314D68E0 445.038 8.44796 3.88475 7.50151 5 570761 0.497913 -1.41016 -49.046 -1.13773 -2.2163 29.7226 15 7511 
01CB30BD31557F30 444.946 8.44796 3.88475 7.50151 5 570761 0.497913 -1.41016 -49.0528 -1.13292 -2.20458 29.7226 15 7511 
01CB30BD315DBC90 444.855 8.44796 3.88475 7.50151 5 570761 0.497913 -1.41016 -49.0595 -1.12811 -2.19286 29.7226 15 7511 
01CB30BD3165F9F0 444.763 8.44796 3.88475 7.50151 5 570761 0.497913 -1.41016 -49.0662 -1.1233 -2.18113 29.7226 15 7511 
01CB30BD316E3750 444.664 8.44796 3.88475 7.50151 5 570761 0.497913 -1.41016 -49.0914 -1.12232 -2.1754 29.7226 15 7511 
01CB30BD317674B0 444.561 8.44796 3.88475 7.50151 5 570761 0.497913 -1.41016 -49.1255 -1.1232 -2.17255 29.7226 15 7511 
01CB30BD317E8B00 444.458 8.44796 3.88475 7.50151 5 570761 0.497913 -1.41016 -49.1595 -1.12407 -2.16969 29.7226 15 7511 
01CB30BD3186C860 444.355 8.44796 3.88475 7.50151 5 570761 0.497913 -1.41016 -49.1936 -1.12495 -2.16684 29.7226 15 7511 
01CB30BD318F05C0 444.266 8.44796 3.88475 7.50151 5 570761 0.497913 -1.41016 -49.1921 -1.1287 -2.15601 29.7226 15 7511 
01CB30BD31974320 444.178 8.44796 3.88475 7.50151 5 570761 0.497913 -1.41016 -49.1869 -1.13276 -2.14432 29.7226 15 7511 
01CB30BD319F8080 444.09 8.44796 3.88475 7.50151 5 570761 0.497913 -1.41016 -49.1816 -1.13682 -2.13262 29.7226 15 7511 
01CB30BD31A7BDE0 444.001 8.44796 3.88475 7.50151 5 570761 0.497913 -1.41017 -49.1798 -1.13771 -2.12075 29.7226 15 7511 
01CB30BD31AFD430 443.908 8.44796 3.88475 7.50151 5 570761 0.497913 -1.41017 -49.2011 -1.11751 -2.10776 29.7226 15 7511 
01CB30BD31B81190 443.814 8.44796 3.88475 7.50151 5 570761 0.497913 -1.41017 -49.2224 -1.09731 -2.09477 29.7226 15 7511 
01CB30BD31C04EF0 443.721 8.44796 3.88475 7.50151 5 570761 0.497913 -1.41017 -49.2437 -1.07711 -2.08178 29.7226 15 7511 
01CB30BD31C88C50 443.64 8.44796 3.88475 7.50151 5 570761 0.497913 -1.41017 -49.2567 -1.07737 -2.0681 29.7226 15 7511 
01CB30BD31D0C9B0 443.566 8.44796 3.88475 7.50151 5 570761 0.497913 -1.41017 -49.2651 -1.08928 -2.05404 29.7226 15 7511 
01CB30BD31D8E000 443.493 8.44796 3.88475 7.50151 5 570762 0.497913 -1.41017 -49.2734 -1.10119 -2.03997 29.7226 15 7511 
01CB30BD31E11D60 443.419 8.44796 3.88475 7.50151 5 570762 0.497913 -1.41017 -49.2818 -1.1131 -2.02591 29.7226 15 7511 
01CB30BD31E95AC0 443.341 8.44796 3.88475 7.50151 5 570762 0.497913 -1.41017 -49.2974 -1.10864 -2.00936 29.7226 15 7511 
01CB30BD31F19820 443.26 8.44796 3.88475 7.50151 5 570762 0.497913 -1.41017 -49.3181 -1.09265 -1.99106 29.7226 15 7511 
01CB30BD31F9D580 443.18 8.44796 3.88475 7.50151 5 570762 0.497913 -1.41017 -49.3387 -1.07667 -1.97275 29.7226 15 7511 
01CB30BD320212E0 443.099 8.44796 3.88475 7.50151 5 570762 0.497913 -1.41017 -49.3591 -1.06176 -1.95484 29.7226 15 7511 
01CB30BD320A2930 443.024 8.44796 3.88475 7.50151 5 570762 0.497913 -1.41017 -49.3763 -1.05724 -1.9407 29.7226 15 7511 
01CB30BD32126690 442.948 8.44796 3.88475 7.50151 5 570762 0.497913 -1.41017 -49.3935 -1.05272 -1.92656 29.7226 15 7511 
01CB30BD321AA3F0 442.872 8.44796 3.88475 7.50151 5 570762 0.497913 -1.41017 -49.4107 -1.04819 -1.91242 29.7226 15 7511 
01CB30BD3222E150 442.798 8.44796 3.88475 7.50151 5 570762 0.497913 -1.41017 -49.4239 -1.04488 -1.89758 29.7226 15 7511 
01CB30BD322B1EB0 442.727 8.44796 3.88475 7.50151 5 570762 0.497913 -1.41017 -49.4288 -1.04411 -1.88126 29.7226 15 7511 
01CB30BD32333500 442.657 8.44796 3.88475 7.50151 5 570762 0.497913 -1.41017 -49.4337 -1.04334 -1.86494 29.7226 15 7511 
01CB30BD323B7260 442.586 8.44796 3.88475 7.50151 5 570762 0.497913 -1.41017 -49.4386 -1.04256 -1.84862 29.7226 15 7511 
01CB30BD3243AFC0 442.504 8.44796 3.88475 7.50151 5 570762 0.497913 -1.41017 -49.448 -1.04373 -1.83744 29.7226 15 7511 
01CB30BD324BED20 442.414 8.44796 3.88475 7.50151 5 570762 0.497913 -1.41017 -49.4612 -1.0465 -1.83048 29.7226 15 7511 
01CB30BD32542A80 442.323 8.44796 3.88475 7.50151 5 570762 0.497913 -1.41017 -49.4743 -1.04926 -1.82351 29.7226 15 7511 
01CB30BD325C67E0 442.234 8.44796 3.88475 7.50151 5 570762 0.497913 -1.41018 -49.488 -1.05039 -1.81634 29.7226 15 7511 
01CB30BD32647E30 442.159 8.44796 3.88475 7.50151 5 570762 0.497913 -1.41018 -49.5097 -1.02429 -1.80588 29.7226 15 7511 
01CB30BD326CBB90 442.083 8.44796 3.88475 7.50151 5 570763 0.497913 -1.41018 -49.5314 -0.998194 -1.79541 29.7226 15 7511 
01CB30BD3274F8F0 442.008 8.44796 3.88475 7.50151 5 570763 0.497913 -1.41018 -49.553 -0.972097 -1.78494 29.7226 15 7511 
01CB30BD327D3650 441.93 8.44796 3.88475 7.50151 5 570763 0.497913 -1.41018 -49.5705 -0.953437 -1.77696 29.7226 15 7511 
01CB30BD328573B0 441.843 8.44796 3.88475 7.50151 5 570763 0.497913 -1.41018 -49.5776 -0.953474 -1.77525 29.7226 15 7511 
01CB30BD328D8A00 441.755 8.44796 3.88475 7.50151 5 570763 0.497913 -1.41018 -49.5846 -0.953511 -1.77354 29.7226 15 7511 
01CB30BD3295C760 441.668 8.44796 3.88475 7.50151 5 570763 0.497913 -1.41018 -49.5916 -0.953549 -1.77182 29.7226 15 7511 
01CB30BD329E04C0 441.581 8.44796 3.88475 7.50151 5 570763 0.497913 -1.41018 -49.6057 -0.949506 -1.77091 29.7226 15 7511 
01CB30BD32A64220 441.492 8.44796 3.88475 7.50151 5 570763 0.497913 -1.41018 -49.6264 -0.941587 -1.77076 29.7226 15 7511 
01CB30BD32AE7F80 441.404 8.44796 3.88475 7.50151 5 570763 0.497913 -1.41018 -49.6472 -0.933667 -1.77061 29.7226 15 7511 
01CB30BD32B6BCE0 441.316 8.44796 3.88475 7.50151 5 570763 0.497913 -1.41018 -49.6679 -0.925747 -1.77045 29.7226 15 7511 
01CB30BD32BED330 441.239 8.44796 3.88475 7.50151 5 570763 0.497913 -1.41018 -49.6786 -0.915265 -1.77116 29.7226 15 7511 
01CB30BD32C71090 441.166 8.44796 3.88475 7.50151 5 570763 0.497913 -1.41018 -49.6859 -0.903887 -1.77216 29.7226 15 7511 
01CB30BD32CF4DF0 441.093 8.44796 3.88475 7.50151 5 570763 0.497913 -1.41018 -49.6931 -0.892509 -1.77317 29.7226 15 7511 
01CB30BD32D78B50 441.021 8.44796 3.88475 7.50151 5 570763 0.497913 -1.41018 -49.7004 -0.881131 -1.77417 29.7226 15 7511 
01CB30BD32DFC8B0 440.938 8.44796 3.88475 7.50151 5 570763 0.497913 -1.41018 -49.7094 -0.871446 -1.77673 29.7226 15 7511 
01CB30BD32E7DF00 440.763 8.44796 3.88475 7.50151 5 570763 0.497913 -1.41018 -49.7349 -0.877792 -1.79402 29.7226 15 7511 
01CB30BD32F01C60 440.587 8.44796 3.88475 7.50151 5 570763 0.497913 -1.41018 -49.7605 -0.884138 -1.8113 29.7226 15 7511 
01CB30BD32F859C0 440.463 8.44796 3.88475 7.50151 5 570763 0.497913 -1.41018 -49.7914 -0.867702 -1.82363 29.7226 15 7511 
01CB30BD33009720 440.355 8.44796 3.88475 7.50151 5 570763 0.497913 -1.41018 -49.8239 -0.844571 -1.8345 29.7226 15 7511 
01CB30BD3308D480 440.246 8.44796 3.88475 7.50151 5 570764 0.497913 -1.41019 -49.8563 -0.821441 -1.84537 29.7226 15 7511 
01CB30BD331111E0 440.137 8.44796 3.88475 7.50151 5 570764 0.497913 -1.41019 -49.8888 -0.798345 -1.85623 29.7226 15 7511 
01CB30BD33192830 440.025 8.44796 3.88475 7.50151 5 570764 0.497913 -1.41019 -49.8937 -0.810927 -1.86814 29.7226 15 7511 
01CB30BD33216590 439.913 8.44796 3.88475 7.50151 5 570764 0.497913 -1.41019 -49.8986 -0.823508 -1.88004 29.7226 15 7511 
01CB30BD3329A2F0 439.801 8.44796 3.88475 7.50151 5 570764 0.497913 -1.41019 -49.9035 -0.836089 -1.89194 29.7226 15 7511 
01CB30BD3331E050 439.689 8.44796 3.88475 7.50151 5 570764 0.497913 -1.41019 -49.9139 -0.842376 -1.90296 29.7226 15 7511 
01CB30BD333A1DB0 439.58 8.44796 3.88475 7.50151 5 570764 0.497913 -1.41019 -49.9428 -0.827476 -1.91101 29.7226 15 7511 
01CB30BD33423400 439.471 8.44796 3.88475 7.50151 5 570764 0.497913 -1.41019 -49.9716 -0.812576 -1.91905 29.7226 15 7511 
01CB30BD334A7160 439.362 8.44796 3.88475 7.50151 5 570764 0.497913 -1.41019 -50.0005 -0.797676 -1.9271 29.7226 15 7511 
01CB30BD3352AEC0 439.253 8.44796 3.88475 7.50151 5 570764 0.497913 -1.41019 -50.0286 -0.786754 -1.935 29.7226 15 7511 
01CB30BD335AEC20 439.143 8.44796 3.88475 7.50151 5 570764 0.497913 -1.41019 -50.0558 -0.780556 -1.94274 29.7226 15 7511 
01CB30BD33632980 439.034 8.44796 3.88475 7.50151 5 570764 0.497913 -1.41019 -50.083 -0.774358 -1.95047 29.7226 15 7511 
01CB30BD336B66E0 438.924 8.44796 3.88475 7.50151 5 570764 0.497913 -1.41019 -50.1102 -0.768161 -1.9582 29.7226 15 7511 
01CB30BD33737D30 438.811 8.44796 3.88475 7.50151 5 570764 0.497913 -1.41019 -50.1212 -0.766391 -1.96755 29.7226 15 7511 
01CB30BD337BBA90 438.695 8.44796 3.88475 7.50151 5 570764 0.497913 -1.41019 -50.124 -0.766836 -1.97771 29.7226 15 7511 
01CB30BD3383F7F0 438.58 8.44796 3.88475 7.50151 5 570764 0.497913 -1.41019 -50.1269 -0.767281 -1.98786 29.7226 15 7511 
01CB30BD338C3550 438.464 8.44796 3.88475 7.50151 5 570764 0.497913 -1.41019 -50.1297 -0.767726 -1.99802 29.7226 15 7511 
01CB30BD339472B0 438.353 8.44796 3.88475 7.50151 5 570764 0.497913 -1.41019 -50.1509 -0.772039 -2.00827 29.7226 15 7511 
01CB30BD339C8900 438.243 8.44796 3.88475 7.50151 5 570764 0.497913 -1.41019 -50.1743 -0.776807 -2.01854 29.7226 15 7511 
01CB30BD33A4C660 438.132 8.44796 3.88475 7.50151 5 570765 0.497913 -1.41019 -50.1977 -0.781576 -2.0288 29.7226 15 7511 
01CB30BD33AD03C0 438.022 8.44796 3.88475 7.50151 5 570765 0.497913 -1.41019 -50.2211 -0.786344 -2.03907 29.7226 15 7511 
01CB30BD33B54120 437.896 8.44796 3.88475 7.50151 5 570765 0.497913 -1.4102 -50.2499 -0.766552 -2.04952 29.7226 15 7511 
01CB30BD33BD7E80 437.767 8.44796 3.88475 7.50151 5 570765 0.497913 -1.4102 -50.2796 -0.742224 -2.06 29.7226 15 7511 
01CB30BD33C5BBE0 437.639 8.44796 3.88475 7.50151 5 570765 0.497913 -1.4102 -50.3094 -0.717897 -2.07048 29.7226 15 7511 
01CB30BD33CDD230 437.513 8.44796 3.88475 7.50151 5 570765 0.497913 -1.4102 -50.3353 -0.698732 -2.08052 29.7226 15 7511 
01CB30BD33D60F90 437.394 8.44796 3.88475 7.50151 5 570765 0.497913 -1.4102 -50.3542 -0.689122 -2.08973 29.7226 15 7511 
01CB30BD33DE4CF0 437.274 8.44796 3.88475 7.50151 5 570765 0.497913 -1.4102 -50.373 -0.679512 -2.09894 29.7226 15 7511 
01CB30BD33E68A50 437.155 8.44796 3.88475 7.50151 5 570765 0.497913 -1.4102 -50.3918 -0.669901 -2.10815 29.7226 15 7511 
01CB30BD33EEC7B0 437.031 8.44796 3.88475 7.50151 5 570765 0.497913 -1.4102 -50.4116 -0.667711 -2.11908 29.7226 15 7511 
01CB30BD33F6DE00 436.906 8.44796 3.88475 7.50151 5 570765 0.497913 -1.4102 -50.432 -0.670919 -2.13125 29.7226 15 7511 
01CB30BD33FF1B60 436.78 8.44796 3.88475 7.50151 5 570765 0.497913 -1.4102 -50.4524 -0.674126 -2.14343 29.7226 15 7511 
01CB30BD340758C0 436.654 8.44796 3.88475 7.50151 5 570765 0.497913 -1.4102 -50.4729 -0.677333 -2.1556 29.7226 15 7511 
01CB30BD340F9620 436.518 8.44796 3.88475 7.50151 5 570765 0.497913 -1.4102 -50.4882 -0.661043 -2.16847 29.7226 15 7511 
01CB30BD3417D380 436.379 8.44796 3.88475 7.50151 5 570765 0.497913 -1.4102 -50.5023 -0.64009 -2.18149 29.7226 15 7511 
01CB30BD342010E0 436.241 8.44796 3.88475 7.50151 5 570765 0.497913 -1.4102 -50.5164 -0.619138 -2.19452 29.7226 15 7511 
01CB30BD34282730 436.103 8.46295 3.8922 7.51453 5 570765 0.497913 -1.4102 -50.5346 -0.604389 -2.2086 29.7226 15 7511 
01CB30BD34306490 435.965 8.51071 3.91597 7.55601 5 570765 0.497913 -1.4102 -50.5619 -0.603205 -2.22499 29.7226 15 7511 
01CB30BD3438A1F0 435.827 8.55848 3.93974 7.5975 5 570766 0.497913 -1.4102 -50.5891 -0.602021 -2.24139 29.7226 15 7511 
01CB30BD3440DF50 435.688 8.60625 3.96351 7.63898 5 570766 0.497913 -1.4102 -50.6164 -0.600836 -2.25778 29.7226 15 7511 
01CB30BD34491CB0 435.546 8.65339 3.98697 7.67991 5 570766 0.497913 -1.4102 -50.6447 -0.596111 -2.276 29.7226 15 7511 
01CB30BD34513300 435.399 8.69998 4.01017 7.72037 5 570766 0.497913 -1.4102 -50.674 -0.588391 -2.29579 29.7226 15 7511 
01CB30BD34597060 435.252 8.74658 4.03337 7.76083 5 570766 0.497912 -1.41021 -50.7034 -0.580672 -2.31557 29.7226 15 7511 
01CB30BD3461ADC0 435.106 8.79318 4.05657 7.80129 5 570766 0.497912 -1.41021 -50.7327 -0.572952 -2.33535 29.7226 15 7511 
01CB30BD3469EB20 434.957 8.8039 4.0619 7.81059 5 570766 0.497912 -1.41021 -50.7524 -0.566618 -2.35459 29.7226 15 7511 
01CB30BD34722880 434.808 8.8039 4.0619 7.81059 5 570766 0.497912 -1.41021 -50.7693 -0.560698 -2.37368 29.7226 15 7511 
01CB30BD347A65E0 434.658 8.8039 4.0619 7.81059 5 570766 0.497912 -1.41021 -50.7862 -0.554778 -2.39276 29.7226 15 7511 
01CB30BD34827C30 434.509 8.8039 4.0619 7.81059 5 570766 0.497912 -1.41021 -50.8031 -0.548858 -2.41185 29.7226 15 7511 
01CB30BD348AB990 434.342 8.8039 4.0619 7.81059 5 570766 0.497912 -1.41021 -50.8323 -0.54128 -2.4333 29.7226 15 7511 
01CB30BD3492F6F0 434.175 8.8039 4.0619 7.81059 5 570766 0.497912 -1.41021 -50.8616 -0.533699 -2.45476 29.7226 15 7511 
01CB30BD349B3450 434.008 8.8039 4.0619 7.81059 5 570766 0.497912 -1.41021 -50.8908 -0.526119 -2.47621 29.7226 15 7511 
01CB30BD34A371B0 433.842 8.7443 4.04963 7.74968 5 570766 0.497912 -1.41021 -50.9249 -0.520754 -2.49776 29.7226 15 7511 
01CB30BD34AB8800 433.677 8.62623 4.02531 7.62903 5 570766 0.497912 -1.41021 -50.9638 -0.517564 -2.51939 29.7226 15 7511 
01CB30BD34B3C560 433.512 8.50817 4.00099 7.50838 5 570766 0.497912 -1.41021 -51.0027 -0.514374 -2.54103 29.7226 15 7511 
01CB30BD34BC02C0 433.347 8.39011 3.97667 7.38773 5 570766 0.497912 -1.41021 -51.0416 -0.511184 -2.56266 29.7226 15 7511 
01CB30BD34C44020 433.183 8.35857 3.97017 7.3555 5 570766 0.497912 -1.41021 -51.0673 -0.515182 -2.58144 29.7226 15 7511 
01CB30BD34CC7D80 433.02 8.35856 3.97017 7.35549 5 570766 0.497912 -1.41021 -51.0881 -0.521798 -2.59919 29.7226 15 7511 
01CB30BD34D4BAE0 432.856 8.35856 3.97017 7.35547 5 570767 0.497912 -1.41021 -51.1089 -0.528414 -2.61693 29.7226 15 7511 
01CB30BD34DCD130 432.693 8.35855 3.97017 7.35546 5 570767 0.497912 -1.41021 -51.1298 -0.53503 -2.63468 29.7226 15 7511 
01CB30BD34E50E90 432.531 8.35855 3.97017 7.35546 5 570767 0.497912 -1.41021 -51.173 -0.518516 -2.64968 29.7226 15 7511 
01CB30BD34ED4BF0 432.369 8.35855 3.97017 7.35546 5 570767 0.497912 -1.41021 -51.2172 -0.501063 -2.66458 29.7226 15 7511 
01CB30BD34F58950 432.207 8.35855 3.97017 7.35546 5 570767 0.497912 -1.41021 -51.2613 -0.48361 -2.67947 29.7226 15 7511 
01CB30BD34FDC6B0 432.046 8.36871 3.97458 7.36462 5 570767 0.497912 -1.41022 -51.3046 -0.467704 -2.69395 29.7226 15 7511 
01CB30BD3505DD00 431.888 8.42242 3.9979 7.41307 5 570767 0.497912 -1.41022 -51.3439 -0.458435 -2.70662 29.7226 15 7511 
01CB30BD350E1A60 431.73 8.47614 4.02122 7.46151 5 570767 0.497912 -1.41022 -51.3833 -0.449167 -2.71929 29.7226 15 7511 
01CB30BD351657C0 431.573 8.52986 4.04454 7.50996 5 570767 0.497912 -1.41022 -51.4226 -0.439898 -2.73195 29.7226 15 7511 
01CB30BD351E9520 431.416 8.56117 4.05813 7.53819 5 570767 0.497912 -1.41022 -51.4676 -0.429607 -2.74321 29.7226 15 7511 
01CB30BD3526D280 431.261 8.56117 4.05813 7.53819 5 570767 0.497912 -1.41022 -51.5202 -0.417887 -2.7525 29.7226 15 7511 
01CB30BD352F0FE0 431.106 8.56117 4.05813 7.53819 5 570767 0.497912 -1.41022 -51.5729 -0.406166 -2.76179 29.7226 15 7511 
01CB30BD35372630 430.951 8.56117 4.05813 7.53819 5 570767 0.497912 -1.41022 -51.6256 -0.394446 -2.77107 29.7226 15 7511 
01CB30BD353F6390 430.788 8.59485 4.07275 7.56856 5 570767 0.497912 -1.41022 -51.6673 -0.378713 -2.78054 29.7226 15 7511 
01CB30BD3547A0F0 430.62 8.64705 4.09542 7.61563 5 570767 0.497912 -1.41022 -51.7029 -0.360774 -2.79012 29.7226 15 7511 
01CB30BD354FDE50 430.452 8.69924 4.11808 7.6627 5 570767 0.497912 -1.41022 -51.7386 -0.342835 -2.79969 29.7226 15 7511 
01CB30BD35581BB0 430.288 8.7435 4.1373 7.70262 5 570767 0.497912 -1.41022 -51.7727 -0.326577 -2.80867 29.7226 15 7511 
01CB30BD35605910 430.147 8.7435 4.1373 7.70262 5 570767 0.497912 -1.41022 -51.7989 -0.319694 -2.81436 29.7226 15 7511 
01CB30BD35686F60 430.006 8.7435 4.1373 7.70262 5 570768 0.497912 -1.41022 -51.8251 -0.312811 -2.82004 29.7226 15 7511 
01CB30BD3570ACC0 429.865 8.7435 4.1373 7.70262 5 570768 0.497912 -1.41022 -51.8512 -0.305928 -2.82573 29.7226 15 7511 
01CB30BD3578EA20 429.72 8.7435 4.1373 7.70262 5 570768 0.497912 -1.41022 -51.8802 -0.2967 -2.83191 29.7226 15 7511 
01CB30BD35812780 429.548 8.7435 4.1373 7.70262 5 570768 0.497912 -1.41022 -51.9345 -0.26669 -2.84257 29.7226 15 7511 
01CB30BD358964E0 429.375 8.7435 4.1373 7.70262 5 570768 0.497912 -1.41022 -51.9886 -0.23668 -2.85322 29.7226 15 7511 
01CB30BD35917B30 429.203 8.7435 4.1373 7.70262 5 570768 0.497912 -1.41022 -52.0428 -0.206671 -2.86387 29.7226 15 7511 
01CB30BD3599B890 429.033 8.76776 4.14769 7.72456 5 570768 0.497912 -1.41022 -52.0925 -0.196428 -2.87552 29.7226 15 7511 
01CB30BD35A1F5F0 428.866 8.80764 4.16477 7.76065 5 570768 0.497912 -1.41022 -52.1393 -0.198919 -2.88782 29.7226 15 7511 
01CB30BD35AA3350 428.698 8.84751 4.18186 7.79673 5 570768 0.497912 -1.41023 -52.1861 -0.20141 -2.90012 29.7226 15 7511 
01CB30BD35B270B0 428.531 8.88739 4.19894 7.83282 5 570768 0.497912 -1.41023 -52.2329 -0.203901 -2.91242 29.7226 15 7511 
01CB30BD35BAAE10 428.358 8.92696 4.21611 7.8685 5 570768 0.497912 -1.41023 -52.2607 -0.190365 -2.928 29.7226 15 7511 
01CB30BD35C2C460 428.185 8.96645 4.23329 7.9041 5 570768 0.497912 -1.41023 -52.2848 -0.173691 -2.94421 29.7226 15 7511 
01CB30BD35CB01C0 428.011 9.00595 4.25048 7.9397 5 570768 0.497912 -1.41023 -52.3089 -0.157018 -2.96042 29.7226 15 7511 
01CB30BD35D33F20 427.836 9.04291 4.26656 7.97301 5 570768 0.497912 -1.41023 -52.3342 -0.140473 -2.97666 29.7226 15 7511 
01CB30BD35DB7C80 427.647 9.04291 4.26656 7.97301 5 570768 0.497912 -1.41023 -52.3781 -0.125796 -2.99332 29.7226 15 7511 
01CB30BD35E3B9E0 427.458 9.04291 4.26656 7.97301 5 570768 0.497912 -1.41023 -52.4219 -0.111121 -3.00997 29.7226 15 7511 
01CB30BD35EBD030 427.268 9.04291 4.26656 7.97301 5 570768 0.497912 -1.41023 -52.4657 -0.0964458 -3.02662 29.7226 15 7511 
01CB30BD35F40D90 427.084 9.04291 4.26656 7.97301 5 570768 0.497912 -1.41023 -52.5104 -0.0876827 -3.04268 29.7226 15 7511 
01CB30BD35FC4AF0 426.905 9.04291 4.26656 7.97301 5 570768 0.497912 -1.41023 -52.5557 -0.0833587 -3.0583 29.7226 15 7511 
01CB30BD36048850 426.725 9.04291 4.26656 7.97301 5 570769 0.497912 -1.41023 -52.6011 -0.0790351 -3.07392 29.7226 15 7511 
01CB30BD360CC5B0 426.546 9.04291 4.26656 7.97301 5 570769 0.497912 -1.41023 -52.6464 -0.0747118 -3.08953 29.7226 15 7511 
01CB30BD36150310 426.368 9.04291 4.26656 7.97301 5 570769 0.497912 -1.41023 -52.6887 -0.0779329 -3.10307 29.7226 15 7511 
01CB30BD361D1960 426.191 9.04291 4.26656 7.97301 5 570769 0.497912 -1.41023 -52.7302 -0.0830489 -3.11607 29.7226 15 7511 
01CB30BD362556C0 426.014 9.04291 4.26656 7.97301 5 570769 0.497912 -1.41023 -52.7718 -0.0881642 -3.12908 29.7226 15 7511 
01CB30BD362D9420 425.837 9.04291 4.26656 7.97301 5 570769 0.497912 -1.41023 -52.8135 -0.0932912 -3.14225 29.7226 15 7511 
01CB30BD3635D180 425.646 9.04291 4.26656 7.97301 5 570769 0.497912 -1.41023 -52.8632 -0.0988597 -3.16111 29.7226 15 7511 
01CB30BD363E0EE0 425.455 9.04291 4.26656 7.97301 5 570769 0.497912 -1.41024 -52.9129 -0.104428 -3.17998 29.7226 15 7511 
01CB30BD36462530 425.264 9.04291 4.26656 7.97301 5 570769 0.497912 -1.41024 -52.9626 -0.109995 -3.19884 29.7226 15 7511 
01CB30BD364E6290 425.071 9.04291 4.26656 7.97301 5 570769 0.497912 -1.41024 -53.0054 -0.11286 -3.21637 29.7226 15 7511 
01CB30BD36569FF0 424.87 9.04291 4.26656 7.97301 5 570769 0.497912 -1.41024 -53.0282 -0.107844 -3.23001 29.7226 15 7511 
01CB30BD365EDD50 424.67 9.04291 4.26656 7.97301 5 570769 0.497912 -1.41024 -53.0511 -0.102828 -3.24366 29.7226 15 7511 
01CB30BD36671AB0 424.47 9.04291 4.26656 7.97301 5 570769 0.497912 -1.41024 -53.0739 -0.0978129 -3.2573 29.7226 15 7511 
01CB30BD366F5810 424.274 9.04291 4.26656 7.97301 5 570769 0.497912 -1.41024 -53.1287 -0.105498 -3.2738 29.7226 15 7511 
01CB30BD36776E60 424.08 9.04291 4.26656 7.97301 5 570769 0.497912 -1.41024 -53.1936 -0.117147 -3.29119 29.7226 15 7511 
01CB30BD367FABC0 423.886 9.04291 4.26656 7.97301 5 570769 0.497912 -1.41024 -53.2584 -0.128795 -3.30858 29.7226 15 7511 
01CB30BD3687E920 423.691 9.04291 4.26656 7.97301 5 570769 0.497912 -1.41024 -53.3232 -0.140443 -3.32597 29.7226 15 7511 
01CB30BD36902680 423.499 9.04291 4.26656 7.97301 5 570769 0.497912 -1.41024 -53.3563 -0.155537 -3.33942 29.7226 15 7511 
01CB30BD369863E0 423.307 9.04291 4.26656 7.97301 5 570770 0.497912 -1.41024 -53.389 -0.170665 -3.35283 29.7226 15 7511 
01CB30BD36A07A30 423.116 9.04291 4.26656 7.97301 5 570770 0.497912 -1.41024 -53.4217 -0.185792 -3.36624 29.7226 15 7511 
01CB30BD36A8B790 422.923 9.04291 4.26656 7.97301 5 570770 0.497912 -1.41024 -53.4542 -0.198405 -3.37988 29.7226 15 7511 
01CB30BD36B0F4F0 422.726 9.04291 4.26656 7.97301 5 570770 0.497912 -1.41024 -53.4862 -0.202016 -3.39432 29.7226 15 7511 
01CB30BD36B93250 422.53 9.04291 4.26656 7.97301 5 570770 0.497912 -1.41024 -53.5182 -0.205627 -3.40876 29.7226 15 7511 
01CB30BD36C16FB0 422.333 9.04291 4.26656 7.97301 5 570770 0.497912 -1.41024 -53.5502 -0.209237 -3.4232 29.7226 15 7511 
01CB30BD36C9AD10 422.141 9.04291 4.26656 7.97301 5 570770 0.497912 -1.41024 -53.5904 -0.221124 -3.43395 29.7226 15 7511 
01CB30BD36D1C360 421.954 9.04291 4.26656 7.97301 5 570770 0.497912 -1.41024 -53.6408 -0.243275 -3.44013 29.7226 15 7511 
01CB30BD36DA00C0 421.767 9.04291 4.26656 7.97301 5 570770 0.497912 -1.41024 -53.6912 -0.265426 -3.44631 29.7226 15 7511 
01CB30BD36E23E20 421.581 9.04291 4.26656 7.97301 5 570770 0.497912 -1.41024 -53.7415 -0.287576 -3.45248 29.7226 15 7511 
01CB30BD36EA7B80 421.43 9.04291 4.26656 7.97301 5 570770 0.497912 -1.41025 -53.7703 -0.289253 -3.45672 29.7226 15 7511 
01CB30BD36F2B8E0 421.296 9.04291 4.26656 7.97301 5 570770 0.497912 -1.41025 -53.7886 -0.281047 -3.46002 29.7226 15 7511 
01CB30BD36FACF30 421.162 9.04291 4.26656 7.97301 5 570770 0.497912 -1.41025 -53.8069 -0.272841 -3.46332 29.7226 15 7511 
01CB30BD37030C90 421.028 9.04291 4.26656 7.97301 5 570770 0.497912 -1.41025 -53.8252 -0.264635 -3.46662 29.7226 15 7511 
01CB30BD370B49F0 420.894 9.04291 4.26656 7.97301 5 570770 0.497912 -1.41025 -53.8435 -0.256429 -3.46992 29.7226 15 7511 
01CB30BD37138750 420.665 9.04291 4.26656 7.97301 5 570770 0.497912 -1.41025 -53.8987 -0.264658 -3.47445 29.7226 15 7511 
01CB30BD371BC4B0 420.321 9.04291 4.26656 7.97301 5 570770 0.497912 -1.41025 -53.9984 -0.292714 -3.48045 29.7226 15 7511 
01CB30BD37240210 420.045 9.04291 4.26656 7.97301 5 570770 0.497912 -1.41025 -54.0743 -0.302431 -3.48653 29.7226 15 7511 
01CB30BD372C1860 419.867 9.04291 4.26656 7.97301 5 570770 0.497912 -1.41025 -54.1159 -0.285684 -3.49275 29.7226 15 7511 
01CB30BD373455C0 419.688 9.04291 4.26656 7.97301 5 570771 0.497912 -1.41025 -54.1575 -0.268938 -3.49896 29.7226 15 7511 
01CB30BD373C9320 419.51 9.04291 4.26656 7.97301 5 570771 0.497912 -1.41025 -54.199 -0.252192 -3.50517 29.7226 15 7511 
01CB30BD3744D080 419.325 9.04291 4.26656 7.97301 5 570771 0.497912 -1.41025 -54.2343 -0.25255 -3.50902 29.7226 15 7511 
01CB30BD374D0DE0 419.128 9.04291 4.26656 7.97301 5 570771 0.497912 -1.41025 -54.2583 -0.283488 -3.50862 29.7226 15 7511 
01CB30BD37552430 418.932 9.04291 4.26656 7.97301 5 570771 0.497912 -1.41025 -54.2824 -0.314426 -3.50823 29.7226 15 7511 
01CB30BD375D6190 418.735 9.04291 4.26656 7.97301 5 570771 0.497912 -1.41025 -54.3064 -0.345363 -3.50784 29.7226 15 7511 
01CB30BD37659EF0 418.558 9.04291 4.26656 7.97301 5 570771 0.497912 -1.41025 -54.3586 -0.344448 -3.50399 29.7226 15 7511 
01CB30BD376DDC50 418.383 9.04291 4.26656 7.97301 5 570771 0.497912 -1.41025 -54.4152 -0.338581 -3.49962 29.7226 15 7511 
01CB30BD377619B0 418.209 9.04291 4.26656 7.97301 5 570771 0.497912 -1.41025 -54.4718 -0.332715 -3.49524 29.7226 15 7511 
01CB30BD377E5710 418.036 9.04602 4.26786 7.97584 5 570771 0.497912 -1.41026 -54.5262 -0.327596 -3.49039 29.7226 15 7511 
01CB30BD37866D60 417.87 9.07925 4.28174 8.0061 5 570771 0.497912 -1.41026 -54.5602 -0.329712 -3.48097 29.7226 15 7511 
01CB30BD378EAAC0 417.705 9.11248 4.29563 8.03635 5 570771 0.497912 -1.41026 -54.5942 -0.331829 -3.47156 29.7226 15 7511 
01CB30BD3796E820 417.54 9.14571 4.30951 8.0666 5 570771 0.497912 -1.41026 -54.6282 -0.333945 -3.46214 29.7226 15 7511 
01CB30BD379F2580 417.375 9.17992 4.3239 8.09769 5 570771 0.497912 -1.41026 -54.6627 -0.334509 -3.44974 29.7226 15 7511 
01CB30BD37A762E0 417.21 9.21618 4.33936 8.13055 5 570771 0.497912 -1.41026 -54.6982 -0.3318 -3.43105 29.7226 15 7511 
01CB30BD37AF7930 417.046 9.25245 4.35483 8.1634 5 570771 0.497912 -1.41026 -54.7337 -0.32909 -3.41236 29.7226 15 7511 
01CB30BD37B7B690 416.881 9.28871 4.37029 8.19625 5 570771 0.497912 -1.41026 -54.7692 -0.32638 -3.39367 29.7226 15 7511 
01CB30BD37BFF3F0 416.729 9.29494 4.37294 8.20189 5 570771 0.497912 -1.41026 -54.8172 -0.332315 -3.37673 29.7226 15 7511 
01CB30BD37C83150 416.58 9.29494 4.37294 8.20189 5 570771 0.497912 -1.41026 -54.8678 -0.340041 -3.36015 29.7226 15 7511 
01CB30BD37D06EB0 416.43 9.29494 4.37294 8.20189 5 570772 0.497912 -1.41026 -54.9184 -0.347767 -3.34357 29.7226 15 7511 
01CB30BD37D8AC10 416.281 9.29643 4.37356 8.20325 5 570772 0.497912 -1.41026 -54.9675 -0.35482 -3.32685 29.7226 15 7511 
01CB30BD37E0C260 416.138 9.32297 4.38463 8.22742 5 570772 0.497912 -1.41026 -54.9905 -0.350652 -3.30774 29.7226 15 7511 
01CB30BD37E8FFC0 415.995 9.3495 4.3957 8.25159 5 570772 0.497912 -1.41026 -55.0135 -0.346484 -3.28862 29.7226 15 7511 
01CB30BD37F13D20 415.852 9.37604 4.40677 8.27576 5 570772 0.497912 -1.41026 -55.0365 -0.342315 -3.26951 29.7226 15 7511 
01CB30BD37F97A80 415.711 9.39502 4.41468 8.29305 5 570772 0.497912 -1.41026 -55.0659 -0.336773 -3.25016 29.7226 15 7511 
01CB30BD3801B7E0 415.572 9.39502 4.41468 8.29305 5 570772 0.497912 -1.41026 -55.1112 -0.327775 -3.23024 29.7226 15 7511 
01CB30BD3809CE30 415.434 9.39502 4.41468 8.29305 5 570772 0.497912 -1.41026 -55.1564 -0.318778 -3.21031 29.7226 15 7511 
01CB30BD38120B90 415.296 9.39502 4.41468 8.29305 5 570772 0.497912 -1.41026 -55.2017 -0.309781 -3.19038 29.7226 15 7511 
01CB30BD381A48F0 415.153 9.39502 4.41468 8.29305 5 570772 0.497912 -1.41027 -55.2499 -0.305873 -3.17034 29.7226 15 7511 
01CB30BD38228650 415.006 9.39502 4.41468 8.29305 5 570772 0.497912 -1.41027 -55.301 -0.306803 -3.15017 29.7226 15 7511 
01CB30BD382AC3B0 414.858 9.39502 4.41468 8.29305 5 570772 0.497912 -1.41027 -55.3521 -0.307733 -3.13001 29.7226 15 7511 
01CB30BD38330110 414.712 9.39502 4.41468 8.29305 5 570772 0.497912 -1.41027 -55.4027 -0.308525 -3.1098 29.7226 15 7511 
01CB30BD383B1760 414.599 9.39502 4.41468 8.29305 5 570772 0.497912 -1.41027 -55.4338 -0.302328 -3.08699 29.7226 15 7511 
01CB30BD384354C0 414.486 9.39502 4.41468 8.29305 5 570772 0.497912 -1.41027 -55.4648 -0.296131 -3.06419 29.7226 15 7511 
01CB30BD384B9220 414.373 9.39502 4.41468 8.29305 5 570772 0.497912 -1.41027 -55.4958 -0.289934 -3.04139 29.7226 15 7511 
01CB30BD3853CF80 414.26 9.39502 4.41468 8.29305 5 570772 0.497912 -1.41027 -55.5269 -0.283737 -3.01859 29.7226 15 7511 
01CB30BD385C0CE0 414.145 9.41765 4.42109 8.31524 5 570772 0.497912 -1.41027 -55.5606 -0.292491 -2.98547 29.7226 15 7511 
01CB30BD38642330 414.03 9.44101 4.4277 8.33814 5 570773 0.497912 -1.41027 -55.5944 -0.301726 -2.95202 29.7226 15 7511 
01CB30BD386C6090 413.915 9.46437 4.43431 8.36104 5 570773 0.497912 -1.41027 -55.6281 -0.310961 -2.91857 29.7226 15 7511 
01CB30BD38749DF0 413.81 9.47662 4.43777 8.37305 5 570773 0.497912 -1.41027 -55.6703 -0.316249 -2.88463 29.7226 15 7511 
01CB30BD387CDB50 413.714 9.47662 4.43777 8.37305 5 570773 0.497912 -1.41027 -55.7218 -0.317184 -2.85013 29.7226 15 7511 
01CB30BD388518B0 413.619 9.47662 4.43777 8.37305 5 570773 0.497912 -1.41027 -55.7733 -0.31812 -2.81563 29.7226 15 7511 
01CB30BD388D5610 413.523 9.47662 4.43777 8.37305 5 570773 0.497912 -1.41027 -55.8248 -0.319056 -2.78114 29.7226 15 7511 
01CB30BD38956C60 413.442 9.47662 4.43777 8.37305 5 570773 0.497912 -1.41027 -55.8604 -0.325779 -2.73998 29.7226 15 7511 
01CB30BD389DA9C0 413.367 9.47662 4.43777 8.37305 5 570773 0.497912 -1.41027 -55.8893 -0.334939 -2.69602 29.7226 15 7511 
01CB30BD38A5E720 413.292 9.47662 4.43777 8.37305 5 570773 0.497912 -1.41027 -55.9183 -0.3441 -2.65206 29.7226 15 7511 
01CB30BD38AE2480 413.217 9.47662 4.43777 8.37305 5 570773 0.497912 -1.41027 -55.9472 -0.35326 -2.6081 29.7226 15 7511 
01CB30BD38B661E0 413.178 9.47662 4.43777 8.37305 5 570773 0.497912 -1.41027 -55.9599 -0.36023 -2.5805 29.7226 15 7511 
01CB30BD38BE7830 413.141 9.47662 4.43777 8.37305 5 570773 0.497912 -1.41027 -55.9715 -0.36704 -2.5541 29.7226 15 7511 
01CB30BD38C6B590 413.104 9.47662 4.43777 8.37305 5 570773 0.497912 -1.41027 -55.9831 -0.373849 -2.52769 29.7226 15 7511 
01CB30BD38CEF2F0 413.066 9.47662 4.43777 8.37305 5 570773 0.497912 -1.41028 -55.9947 -0.380659 -2.50129 29.7226 15 7511 
01CB30BD38D73050 413.029 9.47662 4.43777 8.37305 5 570773 0.497912 -1.41028 -56.0062 -0.387468 -2.47489 29.7226 15 7511 
01CB30BD38DF6DB0 412.992 9.47662 4.43777 8.37305 5 570773 0.497912 -1.41028 -56.0178 -0.394278 -2.44849 29.7226 15 7511 
01CB30BD38E7AB10 412.898 9.47662 4.43777 8.37305 5 570773 0.497912 -1.41028 -56.0745 -0.411156 -2.39141 29.7226 15 7511 
01CB30BD38EFC160 412.754 9.47662 4.43777 8.37305 5 570773 0.497912 -1.41028 -56.1697 -0.436614 -2.3082 29.7226 15 7511 
01CB30BD38F7FEC0 412.681 9.47662 4.43777 8.37305 5 570773 0.497912 -1.41028 -56.2042 -0.455817 -2.26314 29.7226 15 7511 
01CB30BD39003C20 412.625 9.47662 4.43777 8.37305 5 570773 0.497912 -1.41028 -56.2229 -0.473392 -2.22802 29.7226 15 7511 
01CB30BD39087980 412.57 9.47662 4.43777 8.37305 5 570774 0.497912 -1.41028 -56.2416 -0.490966 -2.1929 29.7226 15 7511 
01CB30BD3910B6E0 412.515 9.47662 4.43777 8.37305 5 570774 0.497912 -1.41028 -56.2603 -0.50854 -2.15777 29.7226 15 7511 
01CB30BD3918CD30 412.433 9.47662 4.43777 8.37305 5 570774 0.497912 -1.41028 -56.2865 -0.514344 -2.11514 29.7226 15 7511 
01CB30BD39210A90 412.342 9.47662 4.43777 8.37305 5 570774 0.497912 -1.41028 -56.3154 -0.516071 -2.06991 29.7226 15 7511 
01CB30BD392947F0 412.256 9.47901 4.43845 8.37539 5 570774 0.497912 -1.41028 -56.3436 -0.520471 -2.02587 29.7226 15 7511 
01CB30BD39318550 412.207 9.49844 4.44396 8.39444 5 570774 0.497912 -1.41028 -56.3671 -0.543972 -1.99037 29.7226 15 7511 
01CB30BD3939C2B0 412.158 9.51788 4.44948 8.41348 5 570774 0.497912 -1.41028 -56.3906 -0.567473 -1.95488 29.7226 15 7511 
01CB30BD39420010 412.109 9.53732 4.45499 8.43253 5 570774 0.497912 -1.41028 -56.4141 -0.590974 -1.91938 29.7226 15 7511 
01CB30BD394A1660 412.069 9.54993 4.45857 8.4449 5 570774 0.497912 -1.41029 -56.4386 -0.607643 -1.88401 29.7226 15 7511 
01CB30BD395253C0 412.045 9.54993 4.45857 8.4449 5 570774 0.497912 -1.41029 -56.4648 -0.611669 -1.84885 29.7226 15 7511 
01CB30BD395A9120 412.022 9.54993 4.45857 8.4449 5 570774 0.497912 -1.41029 -56.491 -0.615696 -1.8137 29.7226 15 7511 
01CB30BD3962CE80 411.999 9.54993 4.45857 8.4449 5 570774 0.497912 -1.41029 -56.5171 -0.619722 -1.77855 29.7226 15 7511 
01CB30BD396B0BE0 411.975 9.54993 4.45857 8.4449 5 570774 0.497912 -1.41029 -56.5433 -0.623749 -1.7434 29.7226 15 7511 
01CB30BD39732230 411.941 9.54993 4.45857 8.4449 5 570774 0.497912 -1.41029 -56.5834 -0.647251 -1.69243 29.7226 15 7511 
01CB30BD397B5F90 411.903 9.54993 4.45857 8.4449 5 570774 0.497912 -1.41029 -56.6293 -0.678878 -1.63487 29.7226 15 7511 
01CB30BD39839CF0 411.867 9.54993 4.45857 8.4449 5 570774 0.497912 -1.41029 -56.6726 -0.709332 -1.57919 29.7226 15 7511 
01CB30BD398BDA50 411.857 9.54993 4.45857 8.4449 5 570774 0.497912 -1.41029 -56.6883 -0.727272 -1.54359 29.7226 15 7511 
01CB30BD399417B0 411.848 9.54993 4.45857 8.4449 5 570774 0.497912 -1.41029 -56.704 -0.745213 -1.508 29.7226 15 7511 
01CB30BD399C5510 411.838 9.54993 4.45857 8.4449 5 570775 0.497912 -1.41029 -56.7198 -0.763153 -1.47241 29.7226 15 7511 
01CB30BD39A46B60 411.829 9.54993 4.45857 8.4449 5 570775 0.497912 -1.41029 -56.7355 -0.781094 -1.43682 29.7226 15 7511 
01CB30BD39ACA8C0 411.82 9.54993 4.45857 8.4449 5 570775 0.497912 -1.41029 -56.752 -0.802145 -1.4002 29.7226 15 7511 
01CB30BD39B4E620 411.813 9.54993 4.45857 8.4449 5 570775 0.497912 -1.41029 -56.7694 -0.827147 -1.36227 29.7226 15 7511 
01CB30BD39BD2380 411.805 9.54993 4.45857 8.4449 5 570775 0.497912 -1.41029 -56.7869 -0.852149 -1.32434 29.7226 15 7511 
01CB30BD39C560E0 411.798 9.54993 4.45857 8.4449 5 570775 0.497912 -1.41029 -56.8044 -0.877151 -1.28642 29.7226 15 7511 
01CB30BD39CD7730 411.805 9.57785 4.46395 8.47338 5 570775 0.497912 -1.41029 -56.8257 -0.901412 -1.23308 29.7226 15 7511 
01CB30BD39D5B490 411.834 9.64944 4.47775 8.54645 5 570775 0.497912 -1.41029 -56.8531 -0.924515 -1.15562 29.7226 15 7511 
01CB30BD39DDF1F0 411.864 9.72103 4.49155 8.61951 5 570775 0.497912 -1.41029 -56.8804 -0.947617 -1.07817 29.7226 15 7511 
01CB30BD39E62F50 411.894 9.7375 4.49472 8.63632 5 570775 0.497912 -1.4103 -56.9084 -0.97625 -1.02279 29.7226 15 7511 
01CB30BD39EE6CB0 411.924 9.7375 4.49472 8.63632 5 570775 0.497912 -1.4103 -56.9367 -1.00653 -0.973999 29.7226 15 7511 
01CB30BD39F6AA10 411.955 9.7375 4.49472 8.63632 5 570775 0.497912 -1.4103 -56.9649 -1.03682 -0.925213 29.7226 15 7511 
01CB30BD39FEC060 411.985 9.7375 4.49472 8.63632 5 570775 0.497912 -1.4103 -56.9931 -1.0671 -0.876428 29.7226 15 7511 
01CB30BD3A06FDC0 412.021 9.7375 4.49472 8.63632 5 570775 0.497912 -1.4103 -57.0155 -1.08962 -0.826528 29.7226 15 7511 
01CB30BD3A0F3B20 412.063 9.7375 4.49472 8.63632 5 570775 0.497912 -1.4103 -57.03 -1.10148 -0.775101 29.7226 15 7511 
01CB30BD3A177880 412.106 9.7375 4.49472 8.63632 5 570775 0.497912 -1.4103 -57.0444 -1.11334 -0.723677 29.7226 15 7511 
01CB30BD3A1FB5E0 412.148 9.7375 4.49472 8.63632 5 570775 0.497912 -1.4103 -57.0589 -1.12521 -0.672255 29.7226 15 7511 
01CB30BD3A27CC30 412.193 9.7375 4.49472 8.63632 5 570775 0.497912 -1.4103 -57.074 -1.15145 -0.621225 29.7226 15 7511 
01CB30BD3A300990 412.242 9.7375 4.49472 8.63632 5 570775 0.497912 -1.4103 -57.0903 -1.20407 -0.570913 29.7226 15 7511 
01CB30BD3A3846F0 412.291 9.7375 4.49472 8.63632 5 570776 0.497912 -1.4103 -57.1067 -1.25669 -0.520606 29.7226 15 7511 
01CB30BD3A408450 412.34 9.7375 4.49472 8.63632 5 570776 0.497912 -1.4103 -57.1231 -1.30931 -0.470304 29.7226 15 7511 
01CB30BD3A48C1B0 412.405 9.40628 4.33867 8.34454 5 570776 0.497912 -1.4103 -57.1425 -1.325 -0.424571 29.7226 15 7511 
01CB30BD3A50FF10 412.473 9.02097 4.15713 8.00512 5 570776 0.497912 -1.4103 -57.1625 -1.33466 -0.37959 29.7226 15 7511 
01CB30BD3A591560 412.54 8.63566 3.97559 7.66569 5 570776 0.497912 -1.4103 -57.1824 -1.34432 -0.334617 29.7226 15 7511 
01CB30BD3A6152C0 412.607 8.28464 3.81044 7.35634 5 570776 0.497912 -1.4103 -57.2013 -1.35545 -0.290254 29.7226 15 7511 
01CB30BD3A699020 412.671 8.29031 3.81589 7.35988 5 570776 0.497912 -1.4103 -57.2091 -1.38181 -0.25215 29.7226 15 7511 
01CB30BD3A71CD80 412.734 8.29599 3.82135 7.36341 5 570776 0.497912 -1.4103 -57.2168 -1.40818 -0.214059 29.7226 15 7511 
01CB30BD3A7A0AE0 412.797 8.30166 3.8268 7.36695 5 570776 0.497912 -1.4103 -57.2246 -1.43454 -0.175986 29.7226 15 7511 
01CB30BD3A822130 412.861 8.30723 3.83215 7.37043 5 570776 0.497912 -1.41031 -57.2324 -1.46101 -0.137645 29.7226 15 7511 
01CB30BD3A8A5E90 412.96 8.30723 3.83215 7.37043 5 570776 0.497912 -1.41031 -57.2459 -1.49256 -0.0836784 29.7226 15 7511 
01CB30BD3A929BF0 413.059 8.30723 3.83215 7.37043 5 570776 0.497912 -1.41031 -57.2594 -1.52411 -0.0300006 29.7226 15 7511 
01CB30BD3A9AD950 413.157 8.30723 3.83215 7.37043 5 570776 0.497912 -1.41031 -57.2728 -1.55566 0.0252037 29.7226 15 7511 
01CB30BD3AA316B0 413.25 8.30723 3.83215 7.37043 5 570776 0.497912 -1.41031 -57.2907 -1.56738 0.0726581 29.7226 15 7511 
01CB30BD3AAB5410 413.342 8.30723 3.83215 7.37043 5 570776 0.497912 -1.41031 -57.3094 -1.57535 0.11863 29.7226 15 7511 
01CB30BD3AB36A60 413.433 8.30723 3.83215 7.37043 5 570776 0.497912 -1.41031 -57.3282 -1.58332 0.164541 29.7226 15 7511 
01CB30BD3ABBA7C0 413.525 8.30723 3.83215 7.37043 5 570776 0.497912 -1.41031 -57.3471 -1.59163 0.209964 29.7226 15 7511 
01CB30BD3AC3E520 413.608 8.30723 3.83215 7.37043 5 570776 0.497912 -1.41031 -57.3709 -1.60644 0.246891 29.7226 15 7511 
01CB30BD3ACC2280 413.692 8.30723 3.83215 7.37043 5 570777 0.497912 -1.41031 -57.3947 -1.62124 0.283804 29.7226 15 7511 
01CB30BD3AD45FE0 413.776 8.30723 3.83215 7.37043 5 570777 0.497912 -1.41031 -57.4184 -1.63605 0.320706 29.7226 15 7511 
