01CB30BD2A847B8E 456.619 8.91025 3.99943 7.95943 0 570749 0.497915 -1.41006 -47.8814 -0.020783 2.27034 29.7226 15 7511
01CB30BD2A847B8E 456.619 8.91025 3.99943 7.95943 0 570749 0.497915 -1.41006 -47.8814 -0.020783 2.27034 29.7226 15 7511
01CB30BD2A67DF56 456.245 8.91025 3.99943 7.95943 0 570749 0.497915 -1.41006 -47.9665 -0.00899 2.35014 29.7226 15 7511
01CB30BD2A67DF56 456.245 8.91025 3.99943 7.95943 0 570749 0.497915 -1.41006 -47.9665 -0.00899 2.35014 29.7226 15 7511
01CB30BD2A67DF56 456.245 8.91025 3.99943 7.95943 0 570749 0.497915 -1.41006 -47.9665 -0.00899 2.35014 29.7226 15 7511
01CB30BD2A847B8E 456.619 8.91025 3.99943 7.95943 0 570749 0.497915 -1.41006 -47.8814 -0.020783 2.27034 29.7226 15 7511
01CB30BD2A847B8E 456.619 8.91025 3.99943 7.95943 0 570749 0.497915 -1.41006 -47.8814 -0.020783 2.27034 29.7226 15 7511
01CB30BD2A847B8E 456.619 8.91025 3.99943 7.95943 0 570749 0.497915 -1.41006 -47.8814 -0.020783 2.27034 29.7226 15 7511
01CB30BD2A847B8E 456.619 8.91025 3.99943 7.95943 0 570749 0.497915 -1.41006 -47.8814 -0.020783 2.27034 29.7226 15 7511
01CB30BD2A847B8E 456.619 8.91025 3.99943 7.95943 0 570749 0.497915 -1.41006 -47.8814 -0.020783 2.27034 29.7226 15 7511
01CB30BD2AA37A20 456.977 8.99724 4.01925 8.04684 0 570749 0.497915 -1.41006 -47.8808 -0.06285 2.19062 29.7226 15 7511
01CB30BD2AA37A20 456.977 8.99724 4.01925 8.04684 0 570749 0.497915 -1.41006 -47.8808 -0.06285 2.19062 29.7226 15 7511
01CB30BD2AA37A20 456.977 8.99724 4.01925 8.04684 0 570749 0.497915 -1.41006 -47.8808 -0.06285 2.19062 29.7226 15 7511
01CB30BD2AA37A20 456.977 8.99724 4.01925 8.04684 0 570749 0.497915 -1.41006 -47.8808 -0.06285 2.19062 29.7226 15 7511
01CB30BD2AA37A20 456.977 8.99724 4.01925 8.04684 0 570749 0.497915 -1.41006 -47.8808 -0.06285 2.19062 29.7226 15 7511
01CB30BD2AA37A20 456.977 8.99724 4.01925 8.04684 0 570749 0.497915 -1.41006 -47.8808 -0.06285 2.19062 29.7226 15 7511
01CB30BD2AC278B2 457.329 8.99724 4.01925 8.04684 0 570750 0.497915 -1.41007 -47.7559 -0.080619 2.1176 29.7226 15 7511
01CB30BD2AC278B2 457.329 8.99724 4.01925 8.04684 0 570750 0.497915 -1.41007 -47.7559 -0.080619 2.1176 29.7226 15 7511
01CB30BD2AC278B2 457.329 8.99724 4.01925 8.04684 0 570750 0.497915 -1.41007 -47.7559 -0.080619 2.1176 29.7226 15 7511
01CB30BD2AC278B2 457.329 8.99724 4.01925 8.04684 0 570750 0.497915 -1.41007 -47.7559 -0.080619 2.1176 29.7226 15 7511
01CB30BD2AC278B2 457.329 8.99724 4.01925 8.04684 0 570750 0.497915 -1.41007 -47.7559 -0.080619 2.1176 29.7226 15 7511
01CB30BD2AC278B2 457.329 8.99724 4.01925 8.04684 0 570750 0.497915 -1.41007 -47.7559 -0.080619 2.1176 29.7226 15 7511
01CB30BD2AE17744 457.695 8.99724 4.01925 8.04684 0 570750 0.497915 -1.41007 -47.7417 -0.112299 2.06456 29.7226 15 7511
01CB30BD2AE17744 457.695 8.99724 4.01925 8.04684 0 570750 0.497915 -1.41007 -47.7417 -0.112299 2.06456 29.7226 15 7511
01CB30BD2AE17744 457.695 8.99724 4.01925 8.04684 0 570750 0.497915 -1.41007 -47.7417 -0.112299 2.06456 29.7226 15 7511
01CB30BD2AE17744 457.695 8.99724 4.01925 8.04684 0 570750 0.497915 -1.41007 -47.7417 -0.112299 2.06456 29.7226 15 7511
01CB30BD2AE17744 457.695 8.99724 4.01925 8.04684 0 570750 0.497915 -1.41007 -47.7417 -0.112299 2.06456 29.7226 15 7511
01CB30BD2AE17744 457.695 8.99724 4.01925 8.04684 0 570750 0.497915 -1.41007 -47.7417 -0.112299 2.06456 29.7226 15 7511
01CB30BD2B02D830 458.036 8.99724 4.01925 8.04684 0 570750 0.497915 -1.41007 -47.6539 -0.146374 2.00584 29.7226 15 7511
01CB30BD2B02D830 458.036 8.99724 4.01925 8.04684 0 570750 0.497915 -1.41007 -47.6539 -0.146374 2.00584 29.7226 15 7511
01CB30BD2B02D830 458.036 8.99724 4.01925 8.04684 0 570750 0.497915 -1.41007 -47.6539 -0.146374 2.00584 29.7226 15 7511
01CB30BD2B02D830 458.036 8.99724 4.01925 8.04684 0 570750 0.497915 -1.41007 -47.6539 -0.146374 2.00584 29.7226 15 7511
01CB30BD2B02D830 458.036 8.99724 4.01925 8.04684 0 570750 0.497915 -1.41007 -47.6539 -0.146374 2.00584 29.7226 15 7511
01CB30BD2B1D120E 458.385 8.99724 4.01925 8.04684 0 570750 0.497915 -1.41007 -47.6317 -0.217261 1.96081 29.7226 15 7511
01CB30BD2B1D120E 458.385 8.99724 4.01925 8.04684 0 570750 0.497915 -1.41007 -47.6317 -0.217261 1.96081 29.7226 15 7511
01CB30BD2B1D120E 458.385 8.99724 4.01925 8.04684 0 570750 0.497915 -1.41007 -47.6317 -0.217261 1.96081 29.7226 15 7511
01CB30BD2B1D120E 458.385 8.99724 4.01925 8.04684 0 570750 0.497915 -1.41007 -47.6317 -0.217261 1.96081 29.7226 15 7511
01CB30BD2B1D120E 458.385 8.99724 4.01925 8.04684 0 570750 0.497915 -1.41007 -47.6317 -0.217261 1.96081 29.7226 15 7511
01CB30BD2B3C10A0 458.715 8.99724 4.01925 8.04684 0 570750 0.497915 -1.41007 -47.5525 -0.233389 1.91153 29.7226 15 7511
01CB30BD2B3C10A0 458.715 8.99724 4.01925 8.04684 0 570750 0.497915 -1.41007 -47.5525 -0.233389 1.91153 29.7226 15 7511
01CB30BD2B3C10A0 458.715 8.99724 4.01925 8.04684 0 570750 0.497915 -1.41007 -47.5525 -0.233389 1.91153 29.7226 15 7511
01CB30BD2B3C10A0 458.715 8.99724 4.01925 8.04684 0 570750 0.497915 -1.41007 -47.5525 -0.233389 1.91153 29.7226 15 7511
01CB30BD2B3C10A0 458.715 8.99724 4.01925 8.04684 0 570750 0.497915 -1.41007 -47.5525 -0.233389 1.91153 29.7226 15 7511
01CB30BD2B3C10A0 458.715 8.99724 4.01925 8.04684 0 570750 0.497915 -1.41007 -47.5525 -0.233389 1.91153 29.7226 15 7511
01CB30BD2B5D718C 459.017 8.99724 4.01925 8.04684 0 570751 0.497915 -1.41007 -47.5036 -0.3099 1.85332 29.7226 15 7511
01CB30BD2B5D718C 459.017 8.99724 4.01925 8.04684 0 570751 0.497915 -1.41007 -47.5036 -0.3099 1.85332 29.7226 15 7511
01CB30BD2B5D718C 459.017 8.99724 4.01925 8.04684 0 570751 0.497915 -1.41007 -47.5036 -0.3099 1.85332 29.7226 15 7511
01CB30BD2B5D718C 459.017 8.99724 4.01925 8.04684 0 570751 0.497915 -1.41007 -47.5036 -0.3099 1.85332 29.7226 15 7511
01CB30BD2B5D718C 459.017 8.99724 4.01925 8.04684 0 570751 0.497915 -1.41007 -47.5036 -0.3099 1.85332 29.7226 15 7511
01CB30BD2B5D718C 459.017 8.99724 4.01925 8.04684 0 570751 0.497915 -1.41007 -47.5036 -0.3099 1.85332 29.7226 15 7511
01CB30BD2B7A0DC4 459.297 8.99724 4.01925 8.04684 0 570751 0.497915 -1.41008 -47.4523 -0.35907 1.78858 29.7226 15 7511
01CB30BD2B7A0DC4 459.297 8.99724 4.01925 8.04684 0 570751 0.497915 -1.41008 -47.4523 -0.35907 1.78858 29.7226 15 7511
01CB30BD2B7A0DC4 459.297 8.99724 4.01925 8.04684 0 570751 0.497915 -1.41008 -47.4523 -0.35907 1.78858 29.7226 15 7511
01CB30BD2B7A0DC4 459.297 8.99724 4.01925 8.04684 0 570751 0.497915 -1.41008 -47.4523 -0.35907 1.78858 29.7226 15 7511
01CB30BD2B7A0DC4 459.297 8.99724 4.01925 8.04684 0 570751 0.497915 -1.41008 -47.4523 -0.35907 1.78858 29.7226 15 7511
01CB30BD2B990C56 459.552 8.99724 4.01925 8.04684 0 570751 0.497915 -1.41008 -47.4075 -0.446972 1.71638 29.7226 15 7511
01CB30BD2B990C56 459.552 8.99724 4.01925 8.04684 0 570751 0.497915 -1.41008 -47.4075 -0.446972 1.71638 29.7226 15 7511
01CB30BD2B990C56 459.552 8.99724 4.01925 8.04684 0 570751 0.497915 -1.41008 -47.4075 -0.446972 1.71638 29.7226 15 7511
01CB30BD2B990C56 459.552 8.99724 4.01925 8.04684 0 570751 0.497915 -1.41008 -47.4075 -0.446972 1.71638 29.7226 15 7511
01CB30BD2B990C56 459.552 8.99724 4.01925 8.04684 0 570751 0.497915 -1.41008 -47.4075 -0.446972 1.71638 29.7226 15 7511
01CB30BD2B990C56 459.552 8.99724 4.01925 8.04684 0 570751 0.497915 -1.41008 -47.4075 -0.446972 1.71638 29.7226 15 7511
01CB30BD2BB5A88E 459.808 9.23189 4.11395 8.26203 0 570751 0.497915 -1.41008 -47.3819 -0.482395 1.65667 29.7226 15 7511
01CB30BD2BB5A88E 459.808 9.23189 4.11395 8.26203 0 570751 0.497915 -1.41008 -47.3819 -0.482395 1.65667 29.7226 15 7511
01CB30BD2BB5A88E 459.808 9.23189 4.11395 8.26203 0 570751 0.497915 -1.41008 -47.3819 -0.482395 1.65667 29.7226 15 7511
01CB30BD2BB5A88E 459.808 9.23189 4.11395 8.26203 0 570751 0.497915 -1.41008 -47.3819 -0.482395 1.65667 29.7226 15 7511
01CB30BD2BD4A720 460.026 9.23189 4.11395 8.26203 0 570751 0.497915 -1.41008 -47.3209 -0.589412 1.57872 29.7226 15 7511
01CB30BD2BD4A720 460.026 9.23189 4.11395 8.26203 0 570751 0.497915 -1.41008 -47.3209 -0.589412 1.57872 29.7226 15 7511
01CB30BD2BD4A720 460.026 9.23189 4.11395 8.26203 0 570751 0.497915 -1.41008 -47.3209 -0.589412 1.57872 29.7226 15 7511
01CB30BD2BD4A720 460.026 9.23189 4.11395 8.26203 0 570751 0.497915 -1.41008 -47.3209 -0.589412 1.57872 29.7226 15 7511
01CB30BD2BD4A720 460.026 9.23189 4.11395 8.26203 0 570751 0.497915 -1.41008 -47.3209 -0.589412 1.57872 29.7226 15 7511
01CB30BD2BD4A720 460.026 9.23189 4.11395 8.26203 0 570751 0.497915 -1.41008 -47.3209 -0.589412 1.57872 29.7226 15 7511
01CB30BD2BEC7EA4 460.226 9.23189 4.11395 8.26203 0 570752 0.497915 -1.41008 -47.3042 -0.659061 1.50134 29.7226 15 7511
01CB30BD2BEC7EA4 460.226 9.23189 4.11395 8.26203 0 570752 0.497915 -1.41008 -47.3042 -0.659061 1.50134 29.7226 15 7511
01CB30BD2BEC7EA4 460.226 9.23189 4.11395 8.26203 0 570752 0.497915 -1.41008 -47.3042 -0.659061 1.50134 29.7226 15 7511
01CB30BD2BEC7EA4 460.226 9.23189 4.11395 8.26203 0 570752 0.497915 -1.41008 -47.3042 -0.659061 1.50134 29.7226 15 7511
01CB30BD2BEC7EA4 460.226 9.23189 4.11395 8.26203 0 570752 0.497915 -1.41008 -47.3042 -0.659061 1.50134 29.7226 15 7511
01CB30BD2C0B7D36 460.38 9.443 4.19921 8.45562 0 570752 0.497915 -1.41008 -47.3065 -0.707433 1.40496 29.7226 15 7511
01CB30BD2C0B7D36 460.38 9.443 4.19921 8.45562 0 570752 0.497915 -1.41008 -47.3065 -0.707433 1.40496 29.7226 15 7511
01CB30BD2C0B7D36 460.38 9.443 4.19921 8.45562 0 570752 0.497915 -1.41008 -47.3065 -0.707433 1.40496 29.7226 15 7511
01CB30BD2C0B7D36 460.38 9.443 4.19921 8.45562 0 570752 0.497915 -1.41008 -47.3065 -0.707433 1.40496 29.7226 15 7511
01CB30BD2C0B7D36 460.38 9.443 4.19921 8.45562 0 570752 0.497915 -1.41008 -47.3065 -0.707433 1.40496 29.7226 15 7511
01CB30BD2C0B7D36 460.38 9.443 4.19921 8.45562 0 570752 0.497915 -1.41008 -47.3065 -0.707433 1.40496 29.7226 15 7511
01CB30BD2C0B7D36 460.38 9.443 4.19921 8.45562 0 570752 0.497915 -1.41008 -47.3065 -0.707433 1.40496 29.7226 15 7511
01CB30BD2C31A2D6 460.519 9.443 4.19921 8.45562 0 570752 0.497915 -1.41009 -47.2107 -0.818589 1.31246 29.7226 15 7511
01CB30BD2C31A2D6 460.519 9.443 4.19921 8.45562 0 570752 0.497915 -1.41009 -47.2107 -0.818589 1.31246 29.7226 15 7511
01CB30BD2C31A2D6 460.519 9.443 4.19921 8.45562 0 570752 0.497915 -1.41009 -47.2107 -0.818589 1.31246 29.7226 15 7511
01CB30BD2C31A2D6 460.519 9.443 4.19921 8.45562 0 570752 0.497915 -1.41009 -47.2107 -0.818589 1.31246 29.7226 15 7511
01CB30BD2C31A2D6 460.519 9.443 4.19921 8.45562 0 570752 0.497915 -1.41009 -47.2107 -0.818589 1.31246 29.7226 15 7511
01CB30BD2C497A5A 460.634 9.443 4.19921 8.45562 0 570752 0.497915 -1.41009 -47.2186 -0.861927 1.2186 29.7226 15 7511
01CB30BD2C497A5A 460.634 9.443 4.19921 8.45562 0 570752 0.497915 -1.41009 -47.2186 -0.861927 1.2186 29.7226 15 7511
01CB30BD2C497A5A 460.634 9.443 4.19921 8.45562 0 570752 0.497915 -1.41009 -47.2186 -0.861927 1.2186 29.7226 15 7511
01CB30BD2C497A5A 460.634 9.443 4.19921 8.45562 0 570752 0.497915 -1.41009 -47.2186 -0.861927 1.2186 29.7226 15 7511
01CB30BD2C497A5A 460.634 9.443 4.19921 8.45562 0 570752 0.497915 -1.41009 -47.2186 -0.861927 1.2186 29.7226 15 7511
01CB30BD2C661692 460.747 9.443 4.19921 8.45562 0 570752 0.497915 -1.41009 -47.2265 -0.878452 1.13633 29.7226 15 7511
01CB30BD2C661692 460.747 9.443 4.19921 8.45562 0 570752 0.497915 -1.41009 -47.2265 -0.878452 1.13633 29.7226 15 7511
01CB30BD2C661692 460.747 9.443 4.19921 8.45562 0 570752 0.497915 -1.41009 -47.2265 -0.878452 1.13633 29.7226 15 7511
01CB30BD2C661692 460.747 9.443 4.19921 8.45562 0 570752 0.497915 -1.41009 -47.2265 -0.878452 1.13633 29.7226 15 7511
01CB30BD2C661692 460.747 9.443 4.19921 8.45562 0 570752 0.497915 -1.41009 -47.2265 -0.878452 1.13633 29.7226 15 7511
01CB30BD2C851524 460.872 8.2572 3.80068 7.3305 0 570753 0.497915 -1.41009 -47.1788 -0.98977 1.0466 29.7226 15 7511
01CB30BD2C851524 460.872 8.2572 3.80068 7.3305 0 570753 0.497915 -1.41009 -47.1788 -0.98977 1.0466 29.7226 15 7511
01CB30BD2C851524 460.872 8.2572 3.80068 7.3305 0 570753 0.497915 -1.41009 -47.1788 -0.98977 1.0466 29.7226 15 7511
01CB30BD2C851524 460.872 8.2572 3.80068 7.3305 0 570753 0.497915 -1.41009 -47.1788 -0.98977 1.0466 29.7226 15 7511
01CB30BD2C851524 460.872 8.2572 3.80068 7.3305 0 570753 0.497915 -1.41009 -47.1788 -0.98977 1.0466 29.7226 15 7511
01CB30BD2C851524 460.872 8.2572 3.80068 7.3305 0 570753 0.497915 -1.41009 -47.1788 -0.98977 1.0466 29.7226 15 7511
01CB30BD2CA413B6 460.976 8.2572 3.80068 7.3305 0 570753 0.497915 -1.41009 -47.1871 -1.02112 0.948234 29.7226 15 7511
01CB30BD2CA413B6 460.976 8.2572 3.80068 7.3305 0 570753 0.497915 -1.41009 -47.1871 -1.02112 0.948234 29.7226 15 7511
01CB30BD2CA413B6 460.976 8.2572 3.80068 7.3305 0 570753 0.497915 -1.41009 -47.1871 -1.02112 0.948234 29.7226 15 7511
01CB30BD2CA413B6 460.976 8.2572 3.80068 7.3305 0 570753 0.497915 -1.41009 -47.1871 -1.02112 0.948234 29.7226 15 7511
01CB30BD2CA413B6 460.976 8.2572 3.80068 7.3305 0 570753 0.497915 -1.41009 -47.1871 -1.02112 0.948234 29.7226 15 7511
01CB30BD2CA413B6 460.976 8.2572 3.80068 7.3305 0 570753 0.497915 -1.41009 -47.1871 -1.02112 0.948234 29.7226 15 7511
01CB30BD2CA413B6 460.976 8.2572 3.80068 7.3305 0 570753 0.497915 -1.41009 -47.1871 -1.02112 0.948234 29.7226 15 7511
01CB30BD2CCA3956 460.993 8.44939 3.88418 7.50368 0 570753 0.497914 -1.41009 -47.1869 -1.03119 0.847919 29.7226 15 7511
01CB30BD2CCA3956 460.993 8.44939 3.88418 7.50368 0 570753 0.497914 -1.41009 -47.1869 -1.03119 0.847919 29.7226 15 7511
01CB30BD2CCA3956 460.993 8.44939 3.88418 7.50368 0 570753 0.497914 -1.41009 -47.1869 -1.03119 0.847919 29.7226 15 7511
01CB30BD2CCA3956 460.993 8.44939 3.88418 7.50368 0 570753 0.497914 -1.41009 -47.1869 -1.03119 0.847919 29.7226 15 7511
01CB30BD2CCA3956 460.993 8.44939 3.88418 7.50368 0 570753 0.497914 -1.41009 -47.1869 -1.03119 0.847919 29.7226 15 7511
01CB30BD2CE210DA 460.99 8.44939 3.88418 7.50368 0 570753 0.497914 -1.4101 -47.1527 -1.09323 0.744201 29.7226 15 7511
01CB30BD2CE210DA 460.99 8.44939 3.88418 7.50368 0 570753 0.497914 -1.4101 -47.1527 -1.09323 0.744201 29.7226 15 7511
01CB30BD2CE210DA 460.99 8.44939 3.88418 7.50368 0 570753 0.497914 -1.4101 -47.1527 -1.09323 0.744201 29.7226 15 7511
01CB30BD2CE210DA 460.99 8.44939 3.88418 7.50368 0 570753 0.497914 -1.4101 -47.1527 -1.09323 0.744201 29.7226 15 7511
01CB30BD2CE210DA 460.99 8.44939 3.88418 7.50368 0 570753 0.497914 -1.4101 -47.1527 -1.09323 0.744201 29.7226 15 7511
01CB30BD2CFEAD12 460.967 8.70243 3.9625 7.74714 0 570753 0.497914 -1.4101 -47.1978 -1.09293 0.63699 29.7226 15 7511
01CB30BD2CFEAD12 460.967 8.70243 3.9625 7.74714 0 570753 0.497914 -1.4101 -47.1978 -1.09293 0.63699 29.7226 15 7511
01CB30BD2CFEAD12 460.967 8.70243 3.9625 7.74714 0 570753 0.497914 -1.4101 -47.1978 -1.09293 0.63699 29.7226 15 7511
01CB30BD2CFEAD12 460.967 8.70243 3.9625 7.74714 0 570753 0.497914 -1.4101 -47.1978 -1.09293 0.63699 29.7226 15 7511
01CB30BD2D1DABA4 461.002 8.7195 3.88214 7.77031 0 570754 0.497914 -1.4101 -47.2001 -1.10228 0.508311 29.7226 15 7511
01CB30BD2D1DABA4 461.002 8.7195 3.88214 7.77031 0 570754 0.497914 -1.4101 -47.2001 -1.10228 0.508311 29.7226 15 7511
01CB30BD2D1DABA4 461.002 8.7195 3.88214 7.77031 0 570754 0.497914 -1.4101 -47.2001 -1.10228 0.508311 29.7226 15 7511
01CB30BD2D1DABA4 461.002 8.7195 3.88214 7.77031 0 570754 0.497914 -1.4101 -47.2001 -1.10228 0.508311 29.7226 15 7511
01CB30BD2D1DABA4 461.002 8.7195 3.88214 7.77031 0 570754 0.497914 -1.4101 -47.2001 -1.10228 0.508311 29.7226 15 7511
01CB30BD2D3CAA36 461.013 8.73485 3.88214 7.79114 0 570754 0.497914 -1.4101 -47.2336 -1.10017 0.380813 29.7226 15 7511
01CB30BD2D3CAA36 461.013 8.73485 3.88214 7.79114 0 570754 0.497914 -1.4101 -47.2336 -1.10017 0.380813 29.7226 15 7511
01CB30BD2D3CAA36 461.013 8.73485 3.88214 7.79114 0 570754 0.497914 -1.4101 -47.2336 -1.10017 0.380813 29.7226 15 7511
01CB30BD2D3CAA36 461.013 8.73485 3.88214 7.79114 0 570754 0.497914 -1.4101 -47.2336 -1.10017 0.380813 29.7226 15 7511
01CB30BD2D3CAA36 461.013 8.73485 3.88214 7.79114 0 570754 0.497914 -1.4101 -47.2336 -1.10017 0.380813 29.7226 15 7511
01CB30BD2D3CAA36 461.013 8.73485 3.88214 7.79114 0 570754 0.497914 -1.4101 -47.2336 -1.10017 0.380813 29.7226 15 7511
01CB30BD2D3CAA36 461.013 8.73485 3.88214 7.79114 0 570754 0.497914 -1.4101 -47.2336 -1.10017 0.380813 29.7226 15 7511
01CB30BD2D62CFD6 460.887 8.95924 3.96068 8.00574 0 570754 0.497914 -1.4101 -47.2384 -1.10696 0.253973 29.7226 15 7511
01CB30BD2D62CFD6 460.887 8.95924 3.96068 8.00574 0 570754 0.497914 -1.4101 -47.2384 -1.10696 0.253973 29.7226 15 7511
01CB30BD2D62CFD6 460.887 8.95924 3.96068 8.00574 0 570754 0.497914 -1.4101 -47.2384 -1.10696 0.253973 29.7226 15 7511
01CB30BD2D62CFD6 460.887 8.95924 3.96068 8.00574 0 570754 0.497914 -1.4101 -47.2384 -1.10696 0.253973 29.7226 15 7511
01CB30BD2D62CFD6 460.887 8.95924 3.96068 8.00574 0 570754 0.497914 -1.4101 -47.2384 -1.10696 0.253973 29.7226 15 7511
01CB30BD2D62CFD6 460.887 8.95924 3.96068 8.00574 0 570754 0.497914 -1.4101 -47.2384 -1.10696 0.253973 29.7226 15 7511
01CB30BD2D7AA75A 460.701 9.08111 4.02819 8.11126 0 570754 0.497914 -1.4101 -47.2832 -1.09975 0.121189 29.7226 15 7511
01CB30BD2D7AA75A 460.701 9.08111 4.02819 8.11126 0 570754 0.497914 -1.4101 -47.2832 -1.09975 0.121189 29.7226 15 7511
01CB30BD2D7AA75A 460.701 9.08111 4.02819 8.11126 0 570754 0.497914 -1.4101 -47.2832 -1.09975 0.121189 29.7226 15 7511
01CB30BD2D7AA75A 460.701 9.08111 4.02819 8.11126 0 570754 0.497914 -1.4101 -47.2832 -1.09975 0.121189 29.7226 15 7511
01CB30BD2D974392 460.463 9.08111 4.02819 8.11126 0 570754 0.497914 -1.41011 -47.3534 -1.07197 -0.026476 29.7226 15 7511
01CB30BD2DB64224 460.187 9.08111 4.02819 8.11126 0 570755 0.497914 -1.41011 -47.3643 -1.0853 -0.175942 29.7226 15 7511
01CB30BD2E133DDA 459.239 8.87228 3.8823 7.97779 0 570755 0.497914 -1.41011 -47.4883 -1.021 -0.624511 29.7226 15 7511
01CB30BD2E133DDA 459.239 8.87228 3.8823 7.97779 0 570755 0.497914 -1.41011 -47.4883 -1.021 -0.624511 29.7226 15 7511
01CB30BD2E133DDA 459.239 8.87228 3.8823 7.97779 0 570755 0.497914 -1.41011 -47.4883 -1.021 -0.624511 29.7226 15 7511
01CB30BD2E133DDA 459.239 8.87228 3.8823 7.97779 0 570755 0.497914 -1.41011 -47.4883 -1.021 -0.624511 29.7226 15 7511
01CB30BD2E133DDA 459.239 8.87228 3.8823 7.97779 0 570755 0.497914 -1.41011 -47.4883 -1.021 -0.624511 29.7226 15 7511
01CB30BD2E4ED8A4 458.516 8.25687 3.80113 7.32989 0 570756 0.497914 -1.41012 -47.5575 -1.04008 -0.878796 29.7226 15 7511
01CB30BD2E4ED8A4 458.516 8.25687 3.80113 7.32989 0 570756 0.497914 -1.41012 -47.5575 -1.04008 -0.878796 29.7226 15 7511
01CB30BD2E4ED8A4 458.516 8.25687 3.80113 7.32989 0 570756 0.497914 -1.41012 -47.5575 -1.04008 -0.878796 29.7226 15 7511
01CB30BD2E4ED8A4 458.516 8.25687 3.80113 7.32989 0 570756 0.497914 -1.41012 -47.5575 -1.04008 -0.878796 29.7226 15 7511
01CB30BD2E4ED8A4 458.516 8.25687 3.80113 7.32989 0 570756 0.497914 -1.41012 -47.5575 -1.04008 -0.878796 29.7226 15 7511
01CB30BD2E6DD736 458.143 8.25687 3.80113 7.32989 0 570756 0.497914 -1.41012 -47.6528 -0.958389 -0.994894 29.7226 15 7511
01CB30BD2E6DD736 458.143 8.25687 3.80113 7.32989 0 570756 0.497914 -1.41012 -47.6528 -0.958389 -0.994894 29.7226 15 7511
01CB30BD2E6DD736 458.143 8.25687 3.80113 7.32989 0 570756 0.497914 -1.41012 -47.6528 -0.958389 -0.994894 29.7226 15 7511
01CB30BD2E6DD736 458.143 8.25687 3.80113 7.32989 0 570756 0.497914 -1.41012 -47.6528 -0.958389 -0.994894 29.7226 15 7511
01CB30BD2E6DD736 458.143 8.25687 3.80113 7.32989 0 570756 0.497914 -1.41012 -47.6528 -0.958389 -0.994894 29.7226 15 7511
01CB30BD2E8CD5C8 457.798 8.25687 3.80113 7.32989 0 570756 0.497914 -1.41012 -47.6618 -0.993897 -1.07979 29.7226 15 7511
01CB30BD2E8CD5C8 457.798 8.25687 3.80113 7.32989 0 570756 0.497914 -1.41012 -47.6618 -0.993897 -1.07979 29.7226 15 7511
01CB30BD2E8CD5C8 457.798 8.25687 3.80113 7.32989 0 570756 0.497914 -1.41012 -47.6618 -0.993897 -1.07979 29.7226 15 7511
01CB30BD2E8CD5C8 457.798 8.25687 3.80113 7.32989 0 570756 0.497914 -1.41012 -47.6618 -0.993897 -1.07979 29.7226 15 7511
01CB30BD2E8CD5C8 457.798 8.25687 3.80113 7.32989 0 570756 0.497914 -1.41012 -47.6618 -0.993897 -1.07979 29.7226 15 7511
01CB30BD2E8CD5C8 457.798 8.25687 3.80113 7.32989 0 570756 0.497914 -1.41012 -47.6618 -0.993897 -1.07979 29.7226 15 7511
01CB30BD2EABD45A 457.379 8.25687 3.80113 7.32989 0 570756 0.497914 -1.41012 -47.7429 -0.94665 -1.19854 29.7226 15 7511
01CB30BD2EABD45A 457.379 8.25687 3.80113 7.32989 0 570756 0.497914 -1.41012 -47.7429 -0.94665 -1.19854 29.7226 15 7511
01CB30BD2EABD45A 457.379 8.25687 3.80113 7.32989 0 570756 0.497914 -1.41012 -47.7429 -0.94665 -1.19854 29.7226 15 7511
01CB30BD2EABD45A 457.379 8.25687 3.80113 7.32989 0 570756 0.497914 -1.41012 -47.7429 -0.94665 -1.19854 29.7226 15 7511
01CB30BD2EABD45A 457.379 8.25687 3.80113 7.32989 0 570756 0.497914 -1.41012 -47.7429 -0.94665 -1.19854 29.7226 15 7511
01CB30BD2EABD45A 457.379 8.25687 3.80113 7.32989 0 570756 0.497914 -1.41012 -47.7429 -0.94665 -1.19854 29.7226 15 7511
01CB30BD2EE76F24 456.53 8.25687 3.80113 7.32989 0 570757 0.497914 -1.41013 -47.8231 -0.921499 -1.40492 29.7226 15 7511
01CB30BD2EE76F24 456.53 8.25687 3.80113 7.32989 0 570757 0.497914 -1.41013 -47.8231 -0.921499 -1.40492 29.7226 15 7511
01CB30BD2EE76F24 456.53 8.25687 3.80113 7.32989 0 570757 0.497914 -1.41013 -47.8231 -0.921499 -1.40492 29.7226 15 7511
01CB30BD2F066DB6 456.074 8.25687 3.80113 7.32989 0 570757 0.497914 -1.41013 -47.8853 -0.929988 -1.51219 29.7226 15 7511
01CB30BD2F066DB6 456.074 8.25687 3.80113 7.32989 0 570757 0.497914 -1.41013 -47.8853 -0.929988 -1.51219 29.7226 15 7511
01CB30BD2F066DB6 456.074 8.25687 3.80113 7.32989 0 570757 0.497914 -1.41013 -47.8853 -0.929988 -1.51219 29.7226 15 7511
01CB30BD2F066DB6 456.074 8.25687 3.80113 7.32989 0 570757 0.497914 -1.41013 -47.8853 -0.929988 -1.51219 29.7226 15 7511
01CB30BD2F066DB6 456.074 8.25687 3.80113 7.32989 0 570757 0.497914 -1.41013 -47.8853 -0.929988 -1.51219 29.7226 15 7511
01CB30BD2F066DB6 456.074 8.25687 3.80113 7.32989 0 570757 0.497914 -1.41013 -47.8853 -0.929988 -1.51219 29.7226 15 7511
01CB30BD2F256C48 455.608 8.25687 3.80113 7.32989 0 570757 0.497914 -1.41013 -47.951 -0.899692 -1.61391 29.7226 15 7511
01CB30BD2F256C48 455.608 8.25687 3.80113 7.32989 0 570757 0.497914 -1.41013 -47.951 -0.899692 -1.61391 29.7226 15 7511
01CB30BD2F256C48 455.608 8.25687 3.80113 7.32989 0 570757 0.497914 -1.41013 -47.951 -0.899692 -1.61391 29.7226 15 7511
01CB30BD2F256C48 455.608 8.25687 3.80113 7.32989 0 570757 0.497914 -1.41013 -47.951 -0.899692 -1.61391 29.7226 15 7511
01CB30BD2F256C48 455.608 8.25687 3.80113 7.32989 0 570757 0.497914 -1.41013 -47.951 -0.899692 -1.61391 29.7226 15 7511
01CB30BD2F446ADA 455.118 8.25687 3.80113 7.32989 0 570757 0.497914 -1.41013 -48.0465 -0.899381 -1.71622 29.7226 15 7511
01CB30BD2F446ADA 455.118 8.25687 3.80113 7.32989 0 570757 0.497914 -1.41013 -48.0465 -0.899381 -1.71622 29.7226 15 7511
01CB30BD2F446ADA 455.118 8.25687 3.80113 7.32989 0 570757 0.497914 -1.41013 -48.0465 -0.899381 -1.71622 29.7226 15 7511
01CB30BD2F446ADA 455.118 8.25687 3.80113 7.32989 0 570757 0.497914 -1.41013 -48.0465 -0.899381 -1.71622 29.7226 15 7511
01CB30BD2F446ADA 455.118 8.25687 3.80113 7.32989 0 570757 0.497914 -1.41013 -48.0465 -0.899381 -1.71622 29.7226 15 7511
01CB30BD2F446ADA 455.118 8.25687 3.80113 7.32989 0 570757 0.497914 -1.41013 -48.0465 -0.899381 -1.71622 29.7226 15 7511
01CB30BD2F8005A4 454.083 8.25687 3.80113 7.32989 0 570758 0.497914 -1.41013 -48.1965 -0.90118 -1.91988 29.7226 15 7511
01CB30BD2F9F0436 453.528 8.25687 3.80113 7.32989 0 570758 0.497914 -1.41013 -48.2703 -0.895137 -2.02642 29.7226 15 7511
01CB30BD2F9F0436 453.528 8.25687 3.80113 7.32989 0 570758 0.497914 -1.41013 -48.2703 -0.895137 -2.02642 29.7226 15 7511
01CB30BD2F9F0436 453.528 8.25687 3.80113 7.32989 0 570758 0.497914 -1.41013 -48.2703 -0.895137 -2.02642 29.7226 15 7511
01CB30BD2FBE02C8 452.959 8.25687 3.80113 7.32989 0 570758 0.497914 -1.41014 -48.3047 -0.891575 -2.12737 29.7226 15 7511
01CB30BD2FBE02C8 452.959 8.25687 3.80113 7.32989 0 570758 0.497914 -1.41014 -48.3047 -0.891575 -2.12737 29.7226 15 7511
01CB30BD2FBE02C8 452.959 8.25687 3.80113 7.32989 0 570758 0.497914 -1.41014 -48.3047 -0.891575 -2.12737 29.7226 15 7511
01CB30BD2FBE02C8 452.959 8.25687 3.80113 7.32989 0 570758 0.497914 -1.41014 -48.3047 -0.891575 -2.12737 29.7226 15 7511
01CB30BD2FDD015A 452.389 8.25687 3.80113 7.32989 0 570758 0.497914 -1.41014 -48.4229 -0.934151 -2.21579 29.7226 15 7511
01CB30BD2FDD015A 452.389 8.25687 3.80113 7.32989 0 570758 0.497914 -1.41014 -48.4229 -0.934151 -2.21579 29.7226 15 7511
01CB30BD2FDD015A 452.389 8.25687 3.80113 7.32989 0 570758 0.497914 -1.41014 -48.4229 -0.934151 -2.21579 29.7226 15 7511
01CB30BD2FDD015A 452.389 8.25687 3.80113 7.32989 0 570758 0.497914 -1.41014 -48.4229 -0.934151 -2.21579 29.7226 15 7511
01CB30BD30189C24 451.292 8.25687 3.80113 7.32989 0 570759 0.497914 -1.41014 -48.57 -0.943431 -2.33421 29.7226 15 7511
01CB30BD30189C24 451.292 8.25687 3.80113 7.32989 0 570759 0.497914 -1.41014 -48.57 -0.943431 -2.33421 29.7226 15 7511
01CB30BD30189C24 451.292 8.25687 3.80113 7.32989 0 570759 0.497914 -1.41014 -48.57 -0.943431 -2.33421 29.7226 15 7511
01CB30BD30189C24 451.292 8.25687 3.80113 7.32989 0 570759 0.497914 -1.41014 -48.57 -0.943431 -2.33421 29.7226 15 7511
01CB30BD30189C24 451.292 8.25687 3.80113 7.32989 0 570759 0.497914 -1.41014 -48.57 -0.943431 -2.33421 29.7226 15 7511
01CB30BD30189C24 451.292 8.25687 3.80113 7.32989 0 570759 0.497914 -1.41014 -48.57 -0.943431 -2.33421 29.7226 15 7511
01CB30BD30379AB6 450.786 8.25687 3.80113 7.32989 0 570759 0.497914 -1.41014 -48.7476 -0.966489 -2.35734 29.7226 15 7511
01CB30BD30379AB6 450.786 8.25687 3.80113 7.32989 0 570759 0.497914 -1.41014 -48.7476 -0.966489 -2.35734 29.7226 15 7511
01CB30BD30379AB6 450.786 8.25687 3.80113 7.32989 0 570759 0.497914 -1.41014 -48.7476 -0.966489 -2.35734 29.7226 15 7511
01CB30BD30379AB6 450.786 8.25687 3.80113 7.32989 0 570759 0.497914 -1.41014 -48.7476 -0.966489 -2.35734 29.7226 15 7511
01CB30BD30379AB6 450.786 8.25687 3.80113 7.32989 0 570759 0.497914 -1.41014 -48.7476 -0.966489 -2.35734 29.7226 15 7511
01CB30BD30379AB6 450.786 8.25687 3.80113 7.32989 0 570759 0.497914 -1.41014 -48.7476 -0.966489 -2.35734 29.7226 15 7511
01CB30BD30569948 450.308 8.25687 3.80113 7.32989 0 570759 0.497914 -1.41015 -48.778 -0.972954 -2.35872 29.7226 15 7511
01CB30BD30569948 450.308 8.25687 3.80113 7.32989 0 570759 0.497914 -1.41015 -48.778 -0.972954 -2.35872 29.7226 15 7511
01CB30BD30569948 450.308 8.25687 3.80113 7.32989 0 570759 0.497914 -1.41015 -48.778 -0.972954 -2.35872 29.7226 15 7511
01CB30BD30569948 450.308 8.25687 3.80113 7.32989 0 570759 0.497914 -1.41015 -48.778 -0.972954 -2.35872 29.7226 15 7511
01CB30BD30569948 450.308 8.25687 3.80113 7.32989 0 570759 0.497914 -1.41015 -48.778 -0.972954 -2.35872 29.7226 15 7511
01CB30BD30569948 450.308 8.25687 3.80113 7.32989 0 570759 0.497914 -1.41015 -48.778 -0.972954 -2.35872 29.7226 15 7511
01CB30BD307597DA 449.874 8.25639 3.80119 7.32903 0 570759 0.497913 -1.41015 -48.8284 -1.01772 -2.3333 29.7226 15 7511
01CB30BD307597DA 449.874 8.25639 3.80119 7.32903 0 570759 0.497913 -1.41015 -48.8284 -1.01772 -2.3333 29.7226 15 7511
01CB30BD307597DA 449.874 8.25639 3.80119 7.32903 0 570759 0.497913 -1.41015 -48.8284 -1.01772 -2.3333 29.7226 15 7511
01CB30BD307597DA 449.874 8.25639 3.80119 7.32903 0 570759 0.497913 -1.41015 -48.8284 -1.01772 -2.3333 29.7226 15 7511
01CB30BD307597DA 449.874 8.25639 3.80119 7.32903 0 570759 0.497913 -1.41015 -48.8284 -1.01772 -2.3333 29.7226 15 7511
01CB30BD30923412 449.411 8.25639 3.80119 7.32903 0 570759 0.497913 -1.41015 -48.9925 -1.0213 -2.32961 29.7226 15 7511
01CB30BD30B132A4 448.966 8.25639 3.80119 7.32903 0 570760 0.497913 -1.41015 -48.9833 -1.07362 -2.31466 29.7226 15 7511
01CB30BD30D03136 448.536 8.25639 3.80119 7.32903 0 570760 0.497913 -1.41015 -49.0896 -1.0521 -2.29813 29.7226 15 7511
01CB30BD310E2E5A 447.687 8.25639 3.80119 7.32903 0 570760 0.497913 -1.41016 -49.1751 -1.1266 -2.2621 29.7226 15 7511
01CB30BD310E2E5A 447.687 8.25639 3.80119 7.32903 0 570760 0.497913 -1.41016 -49.1751 -1.1266 -2.2621 29.7226 15 7511
01CB30BD310E2E5A 447.687 8.25639 3.80119 7.32903 0 570760 0.497913 -1.41016 -49.1751 -1.1266 -2.2621 29.7226 15 7511
01CB30BD310E2E5A 447.687 8.25639 3.80119 7.32903 0 570760 0.497913 -1.41016 -49.1751 -1.1266 -2.2621 29.7226 15 7511
01CB30BD310E2E5A 447.687 8.25639 3.80119 7.32903 0 570760 0.497913 -1.41016 -49.1751 -1.1266 -2.2621 29.7226 15 7511
01CB30BD3149C924 446.826 8.44796 3.88475 7.50151 0 570761 0.497913 -1.41016 -49.2752 -1.14114 -2.24307 29.7226 15 7511
01CB30BD3149C924 446.826 8.44796 3.88475 7.50151 0 570761 0.497913 -1.41016 -49.2752 -1.14114 -2.24307 29.7226 15 7511
01CB30BD3149C924 446.826 8.44796 3.88475 7.50151 0 570761 0.497913 -1.41016 -49.2752 -1.14114 -2.24307 29.7226 15 7511
01CB30BD3149C924 446.826 8.44796 3.88475 7.50151 0 570761 0.497913 -1.41016 -49.2752 -1.14114 -2.24307 29.7226 15 7511
01CB30BD3149C924 446.826 8.44796 3.88475 7.50151 0 570761 0.497913 -1.41016 -49.2752 -1.14114 -2.24307 29.7226 15 7511
01CB30BD3168C7B6 446.456 8.44796 3.88475 7.50151 0 570761 0.497913 -1.41016 -49.2966 -1.12299 -2.19809 29.7226 15 7511
01CB30BD3168C7B6 446.456 8.44796 3.88475 7.50151 0 570761 0.497913 -1.41016 -49.2966 -1.12299 -2.19809 29.7226 15 7511
01CB30BD3168C7B6 446.456 8.44796 3.88475 7.50151 0 570761 0.497913 -1.41016 -49.2966 -1.12299 -2.19809 29.7226 15 7511
01CB30BD3168C7B6 446.456 8.44796 3.88475 7.50151 0 570761 0.497913 -1.41016 -49.2966 -1.12299 -2.19809 29.7226 15 7511
01CB30BD3168C7B6 446.456 8.44796 3.88475 7.50151 0 570761 0.497913 -1.41016 -49.2966 -1.12299 -2.19809 29.7226 15 7511
01CB30BD3168C7B6 446.456 8.44796 3.88475 7.50151 0 570761 0.497913 -1.41016 -49.2966 -1.12299 -2.19809 29.7226 15 7511
01CB30BD3187C648 446.043 8.44796 3.88475 7.50151 0 570761 0.497913 -1.41016 -49.4212 -1.12629 -2.18662 29.7226 15 7511
01CB30BD3187C648 446.043 8.44796 3.88475 7.50151 0 570761 0.497913 -1.41016 -49.4212 -1.12629 -2.18662 29.7226 15 7511
01CB30BD3187C648 446.043 8.44796 3.88475 7.50151 0 570761 0.497913 -1.41016 -49.4212 -1.12629 -2.18662 29.7226 15 7511
01CB30BD3187C648 446.043 8.44796 3.88475 7.50151 0 570761 0.497913 -1.41016 -49.4212 -1.12629 -2.18662 29.7226 15 7511
01CB30BD31A6C4DA 445.687 8.44796 3.88475 7.50151 0 570761 0.497913 -1.41016 -49.3975 -1.14161 -2.14183 29.7226 15 7511
01CB30BD31A6C4DA 445.687 8.44796 3.88475 7.50151 0 570761 0.497913 -1.41016 -49.3975 -1.14161 -2.14183 29.7226 15 7511
01CB30BD31A6C4DA 445.687 8.44796 3.88475 7.50151 0 570761 0.497913 -1.41016 -49.3975 -1.14161 -2.14183 29.7226 15 7511
01CB30BD31A6C4DA 445.687 8.44796 3.88475 7.50151 0 570761 0.497913 -1.41016 -49.3975 -1.14161 -2.14183 29.7226 15 7511
01CB30BD31A6C4DA 445.687 8.44796 3.88475 7.50151 0 570761 0.497913 -1.41016 -49.3975 -1.14161 -2.14183 29.7226 15 7511
01CB30BD31A6C4DA 445.687 8.44796 3.88475 7.50151 0 570761 0.497913 -1.41016 -49.3975 -1.14161 -2.14183 29.7226 15 7511
01CB30BD31C36112 445.339 8.44796 3.88475 7.50151 0 570761 0.497913 -1.41017 -49.4685 -1.07103 -2.09584 29.7226 15 7511
01CB30BD31E4C1FE 445.016 8.44796 3.88475 7.50151 0 570762 0.497913 -1.41017 -49.4986 -1.11926 -2.0382 29.7226 15 7511
01CB30BD31E4C1FE 445.016 8.44796 3.88475 7.50151 0 570762 0.497913 -1.41017 -49.4986 -1.11926 -2.0382 29.7226 15 7511
01CB30BD31E4C1FE 445.016 8.44796 3.88475 7.50151 0 570762 0.497913 -1.41017 -49.4986 -1.11926 -2.0382 29.7226 15 7511
01CB30BD32015E36 444.714 8.44796 3.88475 7.50151 0 570762 0.497913 -1.41017 -49.5676 -1.06342 -1.97372 29.7226 15 7511
01CB30BD32015E36 444.714 8.44796 3.88475 7.50151 0 570762 0.497913 -1.41017 -49.5676 -1.06342 -1.97372 29.7226 15 7511
01CB30BD32015E36 444.714 8.44796 3.88475 7.50151 0 570762 0.497913 -1.41017 -49.5676 -1.06342 -1.97372 29.7226 15 7511
01CB30BD32015E36 444.714 8.44796 3.88475 7.50151 0 570762 0.497913 -1.41017 -49.5676 -1.06342 -1.97372 29.7226 15 7511
01CB30BD32015E36 444.714 8.44796 3.88475 7.50151 0 570762 0.497913 -1.41017 -49.5676 -1.06342 -1.97372 29.7226 15 7511
01CB30BD32205CC8 444.406 8.44796 3.88475 7.50151 0 570762 0.497913 -1.41017 -49.6292 -1.04636 -1.9198 29.7226 15 7511
01CB30BD32205CC8 444.406 8.44796 3.88475 7.50151 0 570762 0.497913 -1.41017 -49.6292 -1.04636 -1.9198 29.7226 15 7511
01CB30BD32205CC8 444.406 8.44796 3.88475 7.50151 0 570762 0.497913 -1.41017 -49.6292 -1.04636 -1.9198 29.7226 15 7511
01CB30BD32205CC8 444.406 8.44796 3.88475 7.50151 0 570762 0.497913 -1.41017 -49.6292 -1.04636 -1.9198 29.7226 15 7511
01CB30BD32205CC8 444.406 8.44796 3.88475 7.50151 0 570762 0.497913 -1.41017 -49.6292 -1.04636 -1.9198 29.7226 15 7511
01CB30BD32205CC8 444.406 8.44796 3.88475 7.50151 0 570762 0.497913 -1.41017 -49.6292 -1.04636 -1.9198 29.7226 15 7511
01CB30BD323F5B5A 444.118 8.44796 3.88475 7.50151 0 570762 0.497913 -1.41017 -49.6444 -1.04344 -1.85768 29.7226 15 7511
01CB30BD323F5B5A 444.118 8.44796 3.88475 7.50151 0 570762 0.497913 -1.41017 -49.6444 -1.04344 -1.85768 29.7226 15 7511
01CB30BD323F5B5A 444.118 8.44796 3.88475 7.50151 0 570762 0.497913 -1.41017 -49.6444 -1.04344 -1.85768 29.7226 15 7511
01CB30BD323F5B5A 444.118 8.44796 3.88475 7.50151 0 570762 0.497913 -1.41017 -49.6444 -1.04344 -1.85768 29.7226 15 7511
01CB30BD323F5B5A 444.118 8.44796 3.88475 7.50151 0 570762 0.497913 -1.41017 -49.6444 -1.04344 -1.85768 29.7226 15 7511
01CB30BD323F5B5A 444.118 8.44796 3.88475 7.50151 0 570762 0.497913 -1.41017 -49.6444 -1.04344 -1.85768 29.7226 15 7511
01CB30BD325BF792 443.783 8.44796 3.88475 7.50151 0 570762 0.497913 -1.41017 -49.6875 -1.05308 -1.83285 29.7226 15 7511
01CB30BD325BF792 443.783 8.44796 3.88475 7.50151 0 570762 0.497913 -1.41017 -49.6875 -1.05308 -1.83285 29.7226 15 7511
01CB30BD327AF624 443.48 8.44796 3.88475 7.50151 0 570763 0.497913 -1.41018 -49.7663 -0.954641 -1.79286 29.7226 15 7511
01CB30BD3299F4B6 443.132 8.44796 3.88475 7.50151 0 570763 0.497913 -1.41018 -49.7899 -0.954775 -1.78591 29.7226 15 7511
01CB30BD3299F4B6 443.132 8.44796 3.88475 7.50151 0 570763 0.497913 -1.41018 -49.7899 -0.954775 -1.78591 29.7226 15 7511
01CB30BD3299F4B6 443.132 8.44796 3.88475 7.50151 0 570763 0.497913 -1.41018 -49.7899 -0.954775 -1.78591 29.7226 15 7511
01CB30BD32B8F348 442.78 8.44796 3.88475 7.50151 0 570763 0.497913 -1.41018 -49.8653 -0.924896 -1.78488 29.7226 15 7511
01CB30BD32B8F348 442.78 8.44796 3.88475 7.50151 0 570763 0.497913 -1.41018 -49.8653 -0.924896 -1.78488 29.7226 15 7511
01CB30BD32B8F348 442.78 8.44796 3.88475 7.50151 0 570763 0.497913 -1.41018 -49.8653 -0.924896 -1.78488 29.7226 15 7511
01CB30BD32DF18E8 442.419 8.44796 3.88475 7.50151 0 570763 0.497913 -1.41018 -49.8956 -0.872035 -1.78902 29.7226 15 7511
01CB30BD32DF18E8 442.419 8.44796 3.88475 7.50151 0 570763 0.497913 -1.41018 -49.8956 -0.872035 -1.78902 29.7226 15 7511
01CB30BD32DF18E8 442.419 8.44796 3.88475 7.50151 0 570763 0.497913 -1.41018 -49.8956 -0.872035 -1.78902 29.7226 15 7511
01CB30BD32DF18E8 442.419 8.44796 3.88475 7.50151 0 570763 0.497913 -1.41018 -49.8956 -0.872035 -1.78902 29.7226 15 7511
01CB30BD32F22BB8 442 8.44796 3.88475 7.50151 0 570763 0.497913 -1.41018 -49.9533 -0.886771 -1.82893 29.7226 15 7511
01CB30BD32F22BB8 442 8.44796 3.88475 7.50151 0 570763 0.497913 -1.41018 -49.9533 -0.886771 -1.82893 29.7226 15 7511
01CB30BD33112A4A 441.572 8.44796 3.88475 7.50151 0 570764 0.497913 -1.41019 -50.0732 -0.799518 -1.86955 29.7226 15 7511
01CB30BD33112A4A 441.572 8.44796 3.88475 7.50151 0 570764 0.497913 -1.41019 -50.0732 -0.799518 -1.86955 29.7226 15 7511
01CB30BD33112A4A 441.572 8.44796 3.88475 7.50151 0 570764 0.497913 -1.41019 -50.0732 -0.799518 -1.86955 29.7226 15 7511
01CB30BD33112A4A 441.572 8.44796 3.88475 7.50151 0 570764 0.497913 -1.41019 -50.0732 -0.799518 -1.86955 29.7226 15 7511
01CB30BD33112A4A 441.572 8.44796 3.88475 7.50151 0 570764 0.497913 -1.41019 -50.0732 -0.799518 -1.86955 29.7226 15 7511
01CB30BD33112A4A 441.572 8.44796 3.88475 7.50151 0 570764 0.497913 -1.41019 -50.0732 -0.799518 -1.86955 29.7226 15 7511
01CB30BD333028DC 441.132 8.44796 3.88475 7.50151 0 570764 0.497913 -1.41019 -50.0892 -0.846967 -1.9141 29.7226 15 7511
01CB30BD333028DC 441.132 8.44796 3.88475 7.50151 0 570764 0.497913 -1.41019 -50.0892 -0.846967 -1.9141 29.7226 15 7511
01CB30BD333028DC 441.132 8.44796 3.88475 7.50151 0 570764 0.497913 -1.41019 -50.0892 -0.846967 -1.9141 29.7226 15 7511
01CB30BD333028DC 441.132 8.44796 3.88475 7.50151 0 570764 0.497913 -1.41019 -50.0892 -0.846967 -1.9141 29.7226 15 7511
01CB30BD333028DC 441.132 8.44796 3.88475 7.50151 0 570764 0.497913 -1.41019 -50.0892 -0.846967 -1.9141 29.7226 15 7511
01CB30BD333028DC 441.132 8.44796 3.88475 7.50151 0 570764 0.497913 -1.41019 -50.0892 -0.846967 -1.9141 29.7226 15 7511
01CB30BD334F276E 440.703 8.44796 3.88475 7.50151 0 570764 0.497913 -1.41019 -50.1956 -0.790759 -1.94413 29.7226 15 7511
01CB30BD334F276E 440.703 8.44796 3.88475 7.50151 0 570764 0.497913 -1.41019 -50.1956 -0.790759 -1.94413 29.7226 15 7511
01CB30BD334F276E 440.703 8.44796 3.88475 7.50151 0 570764 0.497913 -1.41019 -50.1956 -0.790759 -1.94413 29.7226 15 7511
01CB30BD334F276E 440.703 8.44796 3.88475 7.50151 0 570764 0.497913 -1.41019 -50.1956 -0.790759 -1.94413 29.7226 15 7511
01CB30BD334F276E 440.703 8.44796 3.88475 7.50151 0 570764 0.497913 -1.41019 -50.1956 -0.790759 -1.94413 29.7226 15 7511
01CB30BD334F276E 440.703 8.44796 3.88475 7.50151 0 570764 0.497913 -1.41019 -50.1956 -0.790759 -1.94413 29.7226 15 7511
01CB30BD336E2600 440.272 8.44796 3.88475 7.50151 0 570764 0.497913 -1.41019 -50.2963 -0.76726 -1.97314 29.7226 15 7511
01CB30BD336E2600 440.272 8.44796 3.88475 7.50151 0 570764 0.497913 -1.41019 -50.2963 -0.76726 -1.97314 29.7226 15 7511
01CB30BD336E2600 440.272 8.44796 3.88475 7.50151 0 570764 0.497913 -1.41019 -50.2963 -0.76726 -1.97314 29.7226 15 7511
01CB30BD336E2600 440.272 8.44796 3.88475 7.50151 0 570764 0.497913 -1.41019 -50.2963 -0.76726 -1.97314 29.7226 15 7511
01CB30BD336E2600 440.272 8.44796 3.88475 7.50151 0 570764 0.497913 -1.41019 -50.2963 -0.76726 -1.97314 29.7226 15 7511
01CB30BD338D2492 439.82 8.44796 3.88475 7.50151 0 570764 0.497913 -1.41019 -50.3047 -0.768932 -2.01116 29.7226 15 7511
01CB30BD338D2492 439.82 8.44796 3.88475 7.50151 0 570764 0.497913 -1.41019 -50.3047 -0.768932 -2.01116 29.7226 15 7511
01CB30BD338D2492 439.82 8.44796 3.88475 7.50151 0 570764 0.497913 -1.41019 -50.3047 -0.768932 -2.01116 29.7226 15 7511
01CB30BD34091EDA 437.936 8.44796 3.88475 7.50151 0 570765 0.497913 -1.4102 -50.6428 -0.679083 -2.16906 29.7226 15 7511
01CB30BD3425BB12 437.439 8.44796 3.88475 7.50151 0 570765 0.497913 -1.4102 -50.6903 -0.605885 -2.21438 29.7226 15 7511
01CB30BD3444B9A4 436.904 8.62813 3.97439 7.65799 0 570766 0.497913 -1.4102 -50.791 -0.60141 -2.27601 29.7226 15 7511
01CB30BD3463B836 436.337 8.8039 4.0619 7.81059 0 570766 0.497912 -1.41021 -50.8997 -0.572285 -2.35043 29.7226 15 7511
01CB30BD3463B836 436.337 8.8039 4.0619 7.81059 0 570766 0.497912 -1.41021 -50.8997 -0.572285 -2.35043 29.7226 15 7511
01CB30BD349F5300 435.164 8.8039 4.0619 7.81059 0 570766 0.497912 -1.41021 -51.0619 -0.523457 -2.49706 29.7226 15 7511
01CB30BD34BE5192 434.528 8.35857 3.97017 7.35551 0 570766 0.497912 -1.41021 -51.2069 -0.511416 -2.5785 29.7226 15 7511
01CB30BD351B4D48 432.668 8.56117 4.05813 7.53819 0 570767 0.497912 -1.41022 -51.5954 -0.435553 -2.74899 29.7226 15 7511
01CB30BD3556E812 431.473 8.7435 4.1373 7.70262 0 570767 0.497912 -1.41022 -51.9155 -0.328659 -2.81723 29.7226 15 7511
01CB30BD357848FE 430.889 8.7435 4.1373 7.70262 0 570768 0.497912 -1.41022 -52.0198 -0.300765 -2.84012 29.7226 15 7511
01CB30BD357848FE 430.889 8.7435 4.1373 7.70262 0 570768 0.497912 -1.41022 -52.0198 -0.300765 -2.84012 29.7226 15 7511
01CB30BD357848FE 430.889 8.7435 4.1373 7.70262 0 570768 0.497912 -1.41022 -52.0198 -0.300765 -2.84012 29.7226 15 7511
01CB30BD357848FE 430.889 8.7435 4.1373 7.70262 0 570768 0.497912 -1.41022 -52.0198 -0.300765 -2.84012 29.7226 15 7511
01CB30BD357848FE 430.889 8.7435 4.1373 7.70262 0 570768 0.497912 -1.41022 -52.0198 -0.300765 -2.84012 29.7226 15 7511
01CB30BD3594E536 430.276 8.7435 4.1373 7.70262 0 570768 0.497912 -1.41022 -52.2077 -0.195919 -2.87723 29.7226 15 7511
01CB30BD3594E536 430.276 8.7435 4.1373 7.70262 0 570768 0.497912 -1.41022 -52.2077 -0.195919 -2.87723 29.7226 15 7511
01CB30BD3594E536 430.276 8.7435 4.1373 7.70262 0 570768 0.497912 -1.41022 -52.2077 -0.195919 -2.87723 29.7226 15 7511
01CB30BD3594E536 430.276 8.7435 4.1373 7.70262 0 570768 0.497912 -1.41022 -52.2077 -0.195919 -2.87723 29.7226 15 7511
01CB30BD3594E536 430.276 8.7435 4.1373 7.70262 0 570768 0.497912 -1.41022 -52.2077 -0.195919 -2.87723 29.7226 15 7511
01CB30BD35B3E3C8 429.633 8.89392 4.20174 7.83873 0 570768 0.497912 -1.41023 -52.3827 -0.205297 -2.92352 29.7226 15 7511
01CB30BD35B3E3C8 429.633 8.89392 4.20174 7.83873 0 570768 0.497912 -1.41023 -52.3827 -0.205297 -2.92352 29.7226 15 7511
01CB30BD35B3E3C8 429.633 8.89392 4.20174 7.83873 0 570768 0.497912 -1.41023 -52.3827 -0.205297 -2.92352 29.7226 15 7511
01CB30BD35B3E3C8 429.633 8.89392 4.20174 7.83873 0 570768 0.497912 -1.41023 -52.3827 -0.205297 -2.92352 29.7226 15 7511
01CB30BD35B3E3C8 429.633 8.89392 4.20174 7.83873 0 570768 0.497912 -1.41023 -52.3827 -0.205297 -2.92352 29.7226 15 7511
01CB30BD35B3E3C8 429.633 8.89392 4.20174 7.83873 0 570768 0.497912 -1.41023 -52.3827 -0.205297 -2.92352 29.7226 15 7511
01CB30BD35D2E25A 428.967 9.04291 4.26656 7.97301 0 570768 0.497912 -1.41023 -52.4722 -0.142383 -2.98457 29.7226 15 7511
01CB30BD35D2E25A 428.967 9.04291 4.26656 7.97301 0 570768 0.497912 -1.41023 -52.4722 -0.142383 -2.98457 29.7226 15 7511
01CB30BD35D2E25A 428.967 9.04291 4.26656 7.97301 0 570768 0.497912 -1.41023 -52.4722 -0.142383 -2.98457 29.7226 15 7511
01CB30BD35D2E25A 428.967 9.04291 4.26656 7.97301 0 570768 0.497912 -1.41023 -52.4722 -0.142383 -2.98457 29.7226 15 7511
01CB30BD35D2E25A 428.967 9.04291 4.26656 7.97301 0 570768 0.497912 -1.41023 -52.4722 -0.142383 -2.98457 29.7226 15 7511
01CB30BD35EF7E92 428.295 9.04291 4.26656 7.97301 0 570768 0.497912 -1.41023 -52.6239 -0.091089 -3.04265 29.7226 15 7511
01CB30BD362D7BB6 426.929 9.04291 4.26656 7.97301 0 570769 0.497912 -1.41023 -52.9489 -0.094003 -3.15043 29.7226 15 7511
01CB30BD362D7BB6 426.929 9.04291 4.26656 7.97301 0 570769 0.497912 -1.41023 -52.9489 -0.094003 -3.15043 29.7226 15 7511
01CB30BD362D7BB6 426.929 9.04291 4.26656 7.97301 0 570769 0.497912 -1.41023 -52.9489 -0.094003 -3.15043 29.7226 15 7511
01CB30BD364C7A48 426.199 9.04291 4.26656 7.97301 0 570769 0.497912 -1.41024 -53.135 -0.114979 -3.22149 29.7226 15 7511
01CB30BD364C7A48 426.199 9.04291 4.26656 7.97301 0 570769 0.497912 -1.41024 -53.135 -0.114979 -3.22149 29.7226 15 7511
01CB30BD364C7A48 426.199 9.04291 4.26656 7.97301 0 570769 0.497912 -1.41024 -53.135 -0.114979 -3.22149 29.7226 15 7511
01CB30BD364C7A48 426.199 9.04291 4.26656 7.97301 0 570769 0.497912 -1.41024 -53.135 -0.114979 -3.22149 29.7226 15 7511
01CB30BD364C7A48 426.199 9.04291 4.26656 7.97301 0 570769 0.497912 -1.41024 -53.135 -0.114979 -3.22149 29.7226 15 7511
01CB30BD364C7A48 426.199 9.04291 4.26656 7.97301 0 570769 0.497912 -1.41024 -53.135 -0.114979 -3.22149 29.7226 15 7511
01CB30BD36691680 425.489 9.04291 4.26656 7.97301 0 570769 0.497912 -1.41024 -53.2135 -0.097435 -3.26907 29.7226 15 7511
01CB30BD36691680 425.489 9.04291 4.26656 7.97301 0 570769 0.497912 -1.41024 -53.2135 -0.097435 -3.26907 29.7226 15 7511
01CB30BD36691680 425.489 9.04291 4.26656 7.97301 0 570769 0.497912 -1.41024 -53.2135 -0.097435 -3.26907 29.7226 15 7511
01CB30BD36691680 425.489 9.04291 4.26656 7.97301 0 570769 0.497912 -1.41024 -53.2135 -0.097435 -3.26907 29.7226 15 7511
01CB30BD36691680 425.489 9.04291 4.26656 7.97301 0 570769 0.497912 -1.41024 -53.2135 -0.097435 -3.26907 29.7226 15 7511
01CB30BD36881512 424.747 9.04291 4.26656 7.97301 0 570769 0.497912 -1.41024 -53.4568 -0.141352 -3.33458 29.7226 15 7511
01CB30BD36881512 424.747 9.04291 4.26656 7.97301 0 570769 0.497912 -1.41024 -53.4568 -0.141352 -3.33458 29.7226 15 7511
01CB30BD36881512 424.747 9.04291 4.26656 7.97301 0 570769 0.497912 -1.41024 -53.4568 -0.141352 -3.33458 29.7226 15 7511
01CB30BD36A713A4 424.013 9.04291 4.26656 7.97301 0 570770 0.497912 -1.41024 -53.579 -0.198399 -3.38509 29.7226 15 7511
01CB30BD36A713A4 424.013 9.04291 4.26656 7.97301 0 570770 0.497912 -1.41024 -53.579 -0.198399 -3.38509 29.7226 15 7511
01CB30BD36A713A4 424.013 9.04291 4.26656 7.97301 0 570770 0.497912 -1.41024 -53.579 -0.198399 -3.38509 29.7226 15 7511
01CB30BD36A713A4 424.013 9.04291 4.26656 7.97301 0 570770 0.497912 -1.41024 -53.579 -0.198399 -3.38509 29.7226 15 7511
01CB30BD36A713A4 424.013 9.04291 4.26656 7.97301 0 570770 0.497912 -1.41024 -53.579 -0.198399 -3.38509 29.7226 15 7511
01CB30BD36C61236 423.262 9.04291 4.26656 7.97301 0 570770 0.497912 -1.41024 -53.6984 -0.212007 -3.43949 29.7226 15 7511
01CB30BD36C61236 423.262 9.04291 4.26656 7.97301 0 570770 0.497912 -1.41024 -53.6984 -0.212007 -3.43949 29.7226 15 7511
01CB30BD36C61236 423.262 9.04291 4.26656 7.97301 0 570770 0.497912 -1.41024 -53.6984 -0.212007 -3.43949 29.7226 15 7511
01CB30BD36C61236 423.262 9.04291 4.26656 7.97301 0 570770 0.497912 -1.41024 -53.6984 -0.212007 -3.43949 29.7226 15 7511
01CB30BD36C61236 423.262 9.04291 4.26656 7.97301 0 570770 0.497912 -1.41024 -53.6984 -0.212007 -3.43949 29.7226 15 7511
01CB30BD36C61236 423.262 9.04291 4.26656 7.97301 0 570770 0.497912 -1.41024 -53.6984 -0.212007 -3.43949 29.7226 15 7511
01CB30BD36E510C8 422.548 9.04291 4.26656 7.97301 0 570770 0.497912 -1.41024 -53.8872 -0.29555 -3.46271 29.7226 15 7511
01CB30BD36E510C8 422.548 9.04291 4.26656 7.97301 0 570770 0.497912 -1.41024 -53.8872 -0.29555 -3.46271 29.7226 15 7511
01CB30BD36E510C8 422.548 9.04291 4.26656 7.97301 0 570770 0.497912 -1.41024 -53.8872 -0.29555 -3.46271 29.7226 15 7511
01CB30BD36E510C8 422.548 9.04291 4.26656 7.97301 0 570770 0.497912 -1.41024 -53.8872 -0.29555 -3.46271 29.7226 15 7511
01CB30BD36E510C8 422.548 9.04291 4.26656 7.97301 0 570770 0.497912 -1.41024 -53.8872 -0.29555 -3.46271 29.7226 15 7511
01CB30BD36E510C8 422.548 9.04291 4.26656 7.97301 0 570770 0.497912 -1.41024 -53.8872 -0.29555 -3.46271 29.7226 15 7511
01CB30BD36E510C8 422.548 9.04291 4.26656 7.97301 0 570770 0.497912 -1.41024 -53.8872 -0.29555 -3.46271 29.7226 15 7511
01CB30BD370FFB1C 421.836 9.04291 4.26656 7.97301 0 570770 0.497912 -1.41025 -53.9812 -0.252694 -3.47984 29.7226 15 7511
01CB30BD370FFB1C 421.836 9.04291 4.26656 7.97301 0 570770 0.497912 -1.41025 -53.9812 -0.252694 -3.47984 29.7226 15 7511
01CB30BD370FFB1C 421.836 9.04291 4.26656 7.97301 0 570770 0.497912 -1.41025 -53.9812 -0.252694 -3.47984 29.7226 15 7511
01CB30BD370FFB1C 421.836 9.04291 4.26656 7.97301 0 570770 0.497912 -1.41025 -53.9812 -0.252694 -3.47984 29.7226 15 7511
01CB30BD3720AB92 421.128 9.04291 4.26656 7.97301 0 570770 0.497912 -1.41025 -54.1844 -0.310033 -3.49207 29.7226 15 7511
01CB30BD375EA8B6 419.701 9.04291 4.26656 7.97301 0 570771 0.497912 -1.41025 -54.4345 -0.350258 -3.51572 29.7226 15 7511
01CB30BD377DA748 419.034 9.04291 4.26656 7.97301 0 570771 0.497912 -1.41026 -54.6469 -0.328125 -3.49915 29.7226 15 7511
01CB30BD377DA748 419.034 9.04291 4.26656 7.97301 0 570771 0.497912 -1.41026 -54.6469 -0.328125 -3.49915 29.7226 15 7511
01CB30BD377DA748 419.034 9.04291 4.26656 7.97301 0 570771 0.497912 -1.41026 -54.6469 -0.328125 -3.49915 29.7226 15 7511
01CB30BD379CA5DA 418.403 9.16825 4.31893 8.08713 0 570771 0.497912 -1.41026 -54.7741 -0.336102 -3.46356 29.7226 15 7511
01CB30BD379CA5DA 418.403 9.16825 4.31893 8.08713 0 570771 0.497912 -1.41026 -54.7741 -0.336102 -3.46356 29.7226 15 7511
01CB30BD379CA5DA 418.403 9.16825 4.31893 8.08713 0 570771 0.497912 -1.41026 -54.7741 -0.336102 -3.46356 29.7226 15 7511
01CB30BD379CA5DA 418.403 9.16825 4.31893 8.08713 0 570771 0.497912 -1.41026 -54.7741 -0.336102 -3.46356 29.7226 15 7511
01CB30BD379CA5DA 418.403 9.16825 4.31893 8.08713 0 570771 0.497912 -1.41026 -54.7741 -0.336102 -3.46356 29.7226 15 7511
01CB30BD37B94212 417.82 9.29494 4.37294 8.20189 0 570771 0.497912 -1.41026 -54.8971 -0.326631 -3.39821 29.7226 15 7511
01CB30BD37B94212 417.82 9.29494 4.37294 8.20189 0 570771 0.497912 -1.41026 -54.8971 -0.326631 -3.39821 29.7226 15 7511
01CB30BD37B94212 417.82 9.29494 4.37294 8.20189 0 570771 0.497912 -1.41026 -54.8971 -0.326631 -3.39821 29.7226 15 7511
01CB30BD37B94212 417.82 9.29494 4.37294 8.20189 0 570771 0.497912 -1.41026 -54.8971 -0.326631 -3.39821 29.7226 15 7511
01CB30BD37B94212 417.82 9.29494 4.37294 8.20189 0 570771 0.497912 -1.41026 -54.8971 -0.326631 -3.39821 29.7226 15 7511
01CB30BD37D840A4 417.248 9.29494 4.37294 8.20189 0 570772 0.497912 -1.41026 -55.087 -0.355766 -3.33561 29.7226 15 7511
01CB30BD37D840A4 417.248 9.29494 4.37294 8.20189 0 570772 0.497912 -1.41026 -55.087 -0.355766 -3.33561 29.7226 15 7511
01CB30BD37D840A4 417.248 9.29494 4.37294 8.20189 0 570772 0.497912 -1.41026 -55.087 -0.355766 -3.33561 29.7226 15 7511
01CB30BD37D840A4 417.248 9.29494 4.37294 8.20189 0 570772 0.497912 -1.41026 -55.087 -0.355766 -3.33561 29.7226 15 7511
01CB30BD37D840A4 417.248 9.29494 4.37294 8.20189 0 570772 0.497912 -1.41026 -55.087 -0.355766 -3.33561 29.7226 15 7511
01CB30BD37F73F36 416.7 9.39502 4.41468 8.29305 0 570772 0.497912 -1.41026 -55.1728 -0.340038 -3.26344 29.7226 15 7511
01CB30BD37F73F36 416.7 9.39502 4.41468 8.29305 0 570772 0.497912 -1.41026 -55.1728 -0.340038 -3.26344 29.7226 15 7511
01CB30BD37F73F36 416.7 9.39502 4.41468 8.29305 0 570772 0.497912 -1.41026 -55.1728 -0.340038 -3.26344 29.7226 15 7511
01CB30BD37F73F36 416.7 9.39502 4.41468 8.29305 0 570772 0.497912 -1.41026 -55.1728 -0.340038 -3.26344 29.7226 15 7511
01CB30BD37F73F36 416.7 9.39502 4.41468 8.29305 0 570772 0.497912 -1.41026 -55.1728 -0.340038 -3.26344 29.7226 15 7511
01CB30BD37F73F36 416.7 9.39502 4.41468 8.29305 0 570772 0.497912 -1.41026 -55.1728 -0.340038 -3.26344 29.7226 15 7511
01CB30BD38163DC8 416.171 9.39502 4.41468 8.29305 0 570772 0.497912 -1.41027 -55.3426 -0.306095 -3.18822 29.7226 15 7511
01CB30BD38163DC8 416.171 9.39502 4.41468 8.29305 0 570772 0.497912 -1.41027 -55.3426 -0.306095 -3.18822 29.7226 15 7511
01CB30BD38163DC8 416.171 9.39502 4.41468 8.29305 0 570772 0.497912 -1.41027 -55.3426 -0.306095 -3.18822 29.7226 15 7511
01CB30BD38163DC8 416.171 9.39502 4.41468 8.29305 0 570772 0.497912 -1.41027 -55.3426 -0.306095 -3.18822 29.7226 15 7511
01CB30BD38163DC8 416.171 9.39502 4.41468 8.29305 0 570772 0.497912 -1.41027 -55.3426 -0.306095 -3.18822 29.7226 15 7511
01CB30BD38163DC8 416.171 9.39502 4.41468 8.29305 0 570772 0.497912 -1.41027 -55.3426 -0.306095 -3.18822 29.7226 15 7511
01CB30BD3832DA00 415.649 9.39502 4.41468 8.29305 0 570772 0.497912 -1.41027 -55.5201 -0.309339 -3.11772 29.7226 15 7511
01CB30BD3832DA00 415.649 9.39502 4.41468 8.29305 0 570772 0.497912 -1.41027 -55.5201 -0.309339 -3.11772 29.7226 15 7511
01CB30BD3832DA00 415.649 9.39502 4.41468 8.29305 0 570772 0.497912 -1.41027 -55.5201 -0.309339 -3.11772 29.7226 15 7511
01CB30BD3832DA00 415.649 9.39502 4.41468 8.29305 0 570772 0.497912 -1.41027 -55.5201 -0.309339 -3.11772 29.7226 15 7511
01CB30BD3832DA00 415.649 9.39502 4.41468 8.29305 0 570772 0.497912 -1.41027 -55.5201 -0.309339 -3.11772 29.7226 15 7511
01CB30BD38543AEC 415.183 9.39502 4.41468 8.29305 0 570772 0.497912 -1.41027 -55.6448 -0.284231 -3.02529 29.7226 15 7511
01CB30BD3870D724 414.774 9.47662 4.43777 8.37305 0 570773 0.497912 -1.41027 -55.762 -0.316485 -2.90838 29.7226 15 7511
01CB30BD388FD5B6 414.406 9.47662 4.43777 8.37305 0 570773 0.497912 -1.41027 -55.9553 -0.320009 -2.77819 29.7226 15 7511
01CB30BD38AED448 414.116 9.47662 4.43777 8.37305 0 570773 0.497912 -1.41027 -56.0635 -0.354556 -2.6123 29.7226 15 7511
01CB30BD38AED448 414.116 9.47662 4.43777 8.37305 0 570773 0.497912 -1.41027 -56.0635 -0.354556 -2.6123 29.7226 15 7511
01CB30BD38AED448 414.116 9.47662 4.43777 8.37305 0 570773 0.497912 -1.41027 -56.0635 -0.354556 -2.6123 29.7226 15 7511
01CB30BD38AED448 414.116 9.47662 4.43777 8.37305 0 570773 0.497912 -1.41027 -56.0635 -0.354556 -2.6123 29.7226 15 7511
01CB30BD38AED448 414.116 9.47662 4.43777 8.37305 0 570773 0.497912 -1.41027 -56.0635 -0.354556 -2.6123 29.7226 15 7511
01CB30BD38AED448 414.116 9.47662 4.43777 8.37305 0 570773 0.497912 -1.41027 -56.0635 -0.354556 -2.6123 29.7226 15 7511
01CB30BD38AED448 414.116 9.47662 4.43777 8.37305 0 570773 0.497912 -1.41027 -56.0635 -0.354556 -2.6123 29.7226 15 7511
01CB30BD38AED448 414.116 9.47662 4.43777 8.37305 0 570773 0.497912 -1.41027 -56.0635 -0.354556 -2.6123 29.7226 15 7511
01CB30BD38E34804 413.867 9.47662 4.43777 8.37305 0 570773 0.497912 -1.41028 -56.136 -0.398074 -2.44341 29.7226 15 7511
01CB30BD38E34804 413.867 9.47662 4.43777 8.37305 0 570773 0.497912 -1.41028 -56.136 -0.398074 -2.44341 29.7226 15 7511
01CB30BD38E34804 413.867 9.47662 4.43777 8.37305 0 570773 0.497912 -1.41028 -56.136 -0.398074 -2.44341 29.7226 15 7511
01CB30BD38E34804 413.867 9.47662 4.43777 8.37305 0 570773 0.497912 -1.41028 -56.136 -0.398074 -2.44341 29.7226 15 7511
01CB30BD38F19620 413.613 9.47662 4.43777 8.37305 0 570773 0.497912 -1.41028 -56.3018 -0.442537 -2.29803 29.7226 15 7511
01CB30BD38F19620 413.613 9.47662 4.43777 8.37305 0 570773 0.497912 -1.41028 -56.3018 -0.442537 -2.29803 29.7226 15 7511
01CB30BD38F19620 413.613 9.47662 4.43777 8.37305 0 570773 0.497912 -1.41028 -56.3018 -0.442537 -2.29803 29.7226 15 7511
01CB30BD38F19620 413.613 9.47662 4.43777 8.37305 0 570773 0.497912 -1.41028 -56.3018 -0.442537 -2.29803 29.7226 15 7511
01CB30BD38F19620 413.613 9.47662 4.43777 8.37305 0 570773 0.497912 -1.41028 -56.3018 -0.442537 -2.29803 29.7226 15 7511
01CB30BD3912F70C 413.381 9.47662 4.43777 8.37305 0 570774 0.497912 -1.41028 -56.3766 -0.51372 -2.15568 29.7226 15 7511
01CB30BD3912F70C 413.381 9.47662 4.43777 8.37305 0 570774 0.497912 -1.41028 -56.3766 -0.51372 -2.15568 29.7226 15 7511
01CB30BD3912F70C 413.381 9.47662 4.43777 8.37305 0 570774 0.497912 -1.41028 -56.3766 -0.51372 -2.15568 29.7226 15 7511
01CB30BD3912F70C 413.381 9.47662 4.43777 8.37305 0 570774 0.497912 -1.41028 -56.3766 -0.51372 -2.15568 29.7226 15 7511
01CB30BD3912F70C 413.381 9.47662 4.43777 8.37305 0 570774 0.497912 -1.41028 -56.3766 -0.51372 -2.15568 29.7226 15 7511
01CB30BD39286C36 413.137 9.47662 4.43777 8.37305 0 570774 0.497912 -1.41028 -56.4517 -0.518241 -2.03711 29.7226 15 7511
01CB30BD39286C36 413.137 9.47662 4.43777 8.37305 0 570774 0.497912 -1.41028 -56.4517 -0.518241 -2.03711 29.7226 15 7511
01CB30BD39286C36 413.137 9.47662 4.43777 8.37305 0 570774 0.497912 -1.41028 -56.4517 -0.518241 -2.03711 29.7226 15 7511
01CB30BD39286C36 413.137 9.47662 4.43777 8.37305 0 570774 0.497912 -1.41028 -56.4517 -0.518241 -2.03711 29.7226 15 7511
01CB30BD39286C36 413.137 9.47662 4.43777 8.37305 0 570774 0.497912 -1.41028 -56.4517 -0.518241 -2.03711 29.7226 15 7511
01CB30BD39476AC8 412.946 9.54993 4.45857 8.44489 0 570774 0.497912 -1.41029 -56.5396 -0.606883 -1.90313 29.7226 15 7511
01CB30BD39476AC8 412.946 9.54993 4.45857 8.44489 0 570774 0.497912 -1.41029 -56.5396 -0.606883 -1.90313 29.7226 15 7511
01CB30BD39476AC8 412.946 9.54993 4.45857 8.44489 0 570774 0.497912 -1.41029 -56.5396 -0.606883 -1.90313 29.7226 15 7511
01CB30BD39476AC8 412.946 9.54993 4.45857 8.44489 0 570774 0.497912 -1.41029 -56.5396 -0.606883 -1.90313 29.7226 15 7511
01CB30BD39476AC8 412.946 9.54993 4.45857 8.44489 0 570774 0.497912 -1.41029 -56.5396 -0.606883 -1.90313 29.7226 15 7511
01CB30BD39476AC8 412.946 9.54993 4.45857 8.44489 0 570774 0.497912 -1.41029 -56.5396 -0.606883 -1.90313 29.7226 15 7511
01CB30BD396D9068 412.829 9.54993 4.45857 8.44489 0 570774 0.497912 -1.41029 -56.6602 -0.625584 -1.73973 29.7226 15 7511
01CB30BD396D9068 412.829 9.54993 4.45857 8.44489 0 570774 0.497912 -1.41029 -56.6602 -0.625584 -1.73973 29.7226 15 7511
01CB30BD396D9068 412.829 9.54993 4.45857 8.44489 0 570774 0.497912 -1.41029 -56.6602 -0.625584 -1.73973 29.7226 15 7511
01CB30BD39CA8C1E 412.634 9.54993 4.45857 8.44489 0 570775 0.497912 -1.41029 -56.9219 -0.893049 -1.26962 29.7226 15 7511
01CB30BD39CA8C1E 412.634 9.54993 4.45857 8.44489 0 570775 0.497912 -1.41029 -56.9219 -0.893049 -1.26962 29.7226 15 7511
01CB30BD39CA8C1E 412.634 9.54993 4.45857 8.44489 0 570775 0.497912 -1.41029 -56.9219 -0.893049 -1.26962 29.7226 15 7511
01CB30BD39E00148 412.707 9.7375 4.49472 8.63632 0 570775 0.497912 -1.4103 -56.993 -0.953574 -1.0666 29.7226 15 7511
01CB30BD39E00148 412.707 9.7375 4.49472 8.63632 0 570775 0.497912 -1.4103 -56.993 -0.953574 -1.0666 29.7226 15 7511
01CB30BD39E00148 412.707 9.7375 4.49472 8.63632 0 570775 0.497912 -1.4103 -56.993 -0.953574 -1.0666 29.7226 15 7511
01CB30BD39E00148 412.707 9.7375 4.49472 8.63632 0 570775 0.497912 -1.4103 -56.993 -0.953574 -1.0666 29.7226 15 7511
01CB30BD39E00148 412.707 9.7375 4.49472 8.63632 0 570775 0.497912 -1.4103 -56.993 -0.953574 -1.0666 29.7226 15 7511
01CB30BD3A03C48E 412.832 9.7375 4.49472 8.63632 0 570775 0.497912 -1.4103 -57.1149 -1.08525 -0.854308 29.7226 15 7511
01CB30BD3A03C48E 412.832 9.7375 4.49472 8.63632 0 570775 0.497912 -1.4103 -57.1149 -1.08525 -0.854308 29.7226 15 7511
01CB30BD3A03C48E 412.832 9.7375 4.49472 8.63632 0 570775 0.497912 -1.4103 -57.1149 -1.08525 -0.854308 29.7226 15 7511
01CB30BD3A03C48E 412.832 9.7375 4.49472 8.63632 0 570775 0.497912 -1.4103 -57.1149 -1.08525 -0.854308 29.7226 15 7511
01CB30BD3A03C48E 412.832 9.7375 4.49472 8.63632 0 570775 0.497912 -1.4103 -57.1149 -1.08525 -0.854308 29.7226 15 7511
01CB30BD3A25257A 412.998 9.7375 4.49472 8.63632 0 570775 0.497912 -1.4103 -57.1729 -1.13353 -0.64485 29.7226 15 7511
01CB30BD3A41C1B2 413.163 9.7375 4.49472 8.63632 0 570776 0.497912 -1.4103 -57.2294 -1.31734 -0.468895 29.7226 15 7511
01CB30BD3A41C1B2 413.163 9.7375 4.49472 8.63632 0 570776 0.497912 -1.4103 -57.2294 -1.31734 -0.468895 29.7226 15 7511
01CB30BD3A41C1B2 413.163 9.7375 4.49472 8.63632 0 570776 0.497912 -1.4103 -57.2294 -1.31734 -0.468895 29.7226 15 7511
01CB30BD3A41C1B2 413.163 9.7375 4.49472 8.63632 0 570776 0.497912 -1.4103 -57.2294 -1.31734 -0.468895 29.7226 15 7511
01CB30BD3A41C1B2 413.163 9.7375 4.49472 8.63632 0 570776 0.497912 -1.4103 -57.2294 -1.31734 -0.468895 29.7226 15 7511
01CB30BD3A41C1B2 413.163 9.7375 4.49472 8.63632 0 570776 0.497912 -1.4103 -57.2294 -1.31734 -0.468895 29.7226 15 7511
01CB30BD3A60C044 413.412 8.28414 3.80996 7.35603 0 570776 0.497912 -1.4103 -57.304 -1.35377 -0.298929 29.7226 15 7511
01CB30BD3A60C044 413.412 8.28414 3.80996 7.35603 0 570776 0.497912 -1.4103 -57.304 -1.35377 -0.298929 29.7226 15 7511
01CB30BD3A60C044 413.412 8.28414 3.80996 7.35603 0 570776 0.497912 -1.4103 -57.304 -1.35377 -0.298929 29.7226 15 7511
01CB30BD3A60C044 413.412 8.28414 3.80996 7.35603 0 570776 0.497912 -1.4103 -57.304 -1.35377 -0.298929 29.7226 15 7511
01CB30BD3A60C044 413.412 8.28414 3.80996 7.35603 0 570776 0.497912 -1.4103 -57.304 -1.35377 -0.298929 29.7226 15 7511
01CB30BD3A60C044 413.412 8.28414 3.80996 7.35603 0 570776 0.497912 -1.4103 -57.304 -1.35377 -0.298929 29.7226 15 7511
01CB30BD3A822130 413.664 8.30723 3.83215 7.37043 0 570776 0.497912 -1.4103 -57.3348 -1.46106 -0.143435 29.7226 15 7511
01CB30BD3A822130 413.664 8.30723 3.83215 7.37043 0 570776 0.497912 -1.4103 -57.3348 -1.46106 -0.143435 29.7226 15 7511
01CB30BD3A822130 413.664 8.30723 3.83215 7.37043 0 570776 0.497912 -1.4103 -57.3348 -1.46106 -0.143435 29.7226 15 7511
01CB30BD3A822130 413.664 8.30723 3.83215 7.37043 0 570776 0.497912 -1.4103 -57.3348 -1.46106 -0.143435 29.7226 15 7511
01CB30BD3A822130 413.664 8.30723 3.83215 7.37043 0 570776 0.497912 -1.4103 -57.3348 -1.46106 -0.143435 29.7226 15 7511
01CB30BD3A822130 413.664 8.30723 3.83215 7.37043 0 570776 0.497912 -1.4103 -57.3348 -1.46106 -0.143435 29.7226 15 7511
01CB30BD3A9C5B0E 413.972 8.30723 3.83215 7.37043 0 570776 0.497912 -1.41031 -57.3769 -1.56131 0.028818 29.7226 15 7511
01CB30BD3A9C5B0E 413.972 8.30723 3.83215 7.37043 0 570776 0.497912 -1.41031 -57.3769 -1.56131 0.028818 29.7226 15 7511
01CB30BD3A9C5B0E 413.972 8.30723 3.83215 7.37043 0 570776 0.497912 -1.41031 -57.3769 -1.56131 0.028818 29.7226 15 7511
01CB30BD3A9C5B0E 413.972 8.30723 3.83215 7.37043 0 570776 0.497912 -1.41031 -57.3769 -1.56131 0.028818 29.7226 15 7511
01CB30BD3ABB59A0 414.314 8.30723 3.83215 7.37043 0 570776 0.497912 -1.41031 -57.4472 -1.59152 0.202047 29.7226 15 7511
01CB30BD3ADCBA8C 414.647 8.30723 3.83215 7.37043 0 570777 0.497912 -1.41031 -57.5428 -1.65149 0.350992 29.7226 15 7511
01CB30BD3ADCBA8C 414.647 8.30723 3.83215 7.37043 0 570777 0.497912 -1.41031 -57.5428 -1.65149 0.350992 29.7226 15 7511
01CB30BD3ADCBA8C 414.647 8.30723 3.83215 7.37043 0 570777 0.497912 -1.41031 -57.5428 -1.65149 0.350992 29.7226 15 7511
01CB30BD3ADCBA8C 414.647 8.30723 3.83215 7.37043 0 570777 0.497912 -1.41031 -57.5428 -1.65149 0.350992 29.7226 15 7511
01CB30BD3ABB59A0 414.314 8.30723 3.83215 7.37043 0 570776 0.497912 -1.41031 -57.4472 -1.59152 0.202047 29.7226 15 7511
01CB30BD3ABB59A0 414.314 8.30723 3.83215 7.37043 0 570776 0.497912 -1.41031 -57.4472 -1.59152 0.202047 29.7226 15 7511
01CB30BD3ABB59A0 414.314 8.30723 3.83215 7.37043 0 570776 0.497912 -1.41031 -57.4472 -1.59152 0.202047 29.7226 15 7511
01CB30BD3ABB59A0 414.314 8.30723 3.83215 7.37043 0 570776 0.497912 -1.41031 -57.4472 -1.59152 0.202047 29.7226 15 7511
